  -1.8000000e+02   1.5970000e+03   3.1400000e+02
  -1.7975000e+02   1.5860000e+03   3.0800000e+02
  -1.7950000e+02   1.6100000e+03   2.8600000e+02
  -1.7925000e+02   1.6140000e+03   2.8700000e+02
  -1.7900000e+02   1.6140000e+03   2.9700000e+02
  -1.7875000e+02   1.6040000e+03   2.9500000e+02
  -1.7850000e+02   1.6210000e+03   2.7700000e+02
  -1.7825000e+02   1.6680000e+03   2.8700000e+02
  -1.7800000e+02   1.7580000e+03   3.0600000e+02
  -1.7775000e+02   2.0790000e+03   2.9800000e+02
  -1.7750000e+02   2.0800000e+03   2.6200000e+02
  -1.7725000e+02   2.0610000e+03   2.2600000e+02
  -1.7700000e+02   2.0870000e+03   2.3600000e+02
  -1.7675000e+02   2.2510000e+03   3.1200000e+02
  -1.7650000e+02   2.2100000e+03   2.7500000e+02
  -1.7625000e+02   2.0620000e+03   1.8400000e+02
  -1.7600000e+02   2.0860000e+03   1.9500000e+02
  -1.7575000e+02   2.0710000e+03   1.7400000e+02
  -1.7550000e+02   2.5450000e+03   2.8700000e+02
  -1.7525000e+02   2.7320000e+03   2.7800000e+02
  -1.7500000e+02   2.7260000e+03   2.8000000e+02
  -1.7475000e+02   2.7440000e+03   2.8000000e+02
  -1.7450000e+02   2.7510000e+03   2.8000000e+02
  -1.7425000e+02   2.7460000e+03   2.8100000e+02
  -1.7400000e+02   2.7460000e+03   2.8000000e+02
  -1.7375000e+02   2.7540000e+03   2.8000000e+02
  -1.7350000e+02   2.7530000e+03   2.8000000e+02
  -1.7325000e+02   2.7470000e+03   2.8100000e+02
  -1.7300000e+02   2.7570000e+03   2.8100000e+02
  -1.7275000e+02   2.7730000e+03   2.8100000e+02
  -1.7250000e+02   2.7630000e+03   2.8200000e+02
  -1.7225000e+02   2.7890000e+03   2.7900000e+02
  -1.7200000e+02   2.7770000e+03   2.8100000e+02
  -1.7175000e+02   2.7900000e+03   2.8000000e+02
  -1.7150000e+02   2.7800000e+03   2.8000000e+02
  -1.7125000e+02   2.7990000e+03   2.7900000e+02
  -1.7100000e+02   2.7930000e+03   2.8100000e+02
  -1.7075000e+02   2.7960000e+03   2.7700000e+02
  -1.7050000e+02   2.8150000e+03   2.7600000e+02
  -1.7025000e+02   2.8110000e+03   2.7500000e+02
  -1.7000000e+02   2.8010000e+03   2.7700000e+02
  -1.6975000e+02   2.7980000e+03   2.7700000e+02
  -1.6950000e+02   2.8070000e+03   2.7300000e+02
  -1.6925000e+02   2.8050000e+03   2.7600000e+02
  -1.6900000e+02   2.8040000e+03   2.7600000e+02
  -1.6875000e+02   2.8120000e+03   2.7200000e+02
  -1.6850000e+02   2.8100000e+03   2.7500000e+02
  -1.6825000e+02   2.8120000e+03   2.7600000e+02
  -1.6800000e+02   1.9960000e+03   3.5700000e+02
  -1.6775000e+02   1.6370000e+03   2.2100000e+02
  -1.6750000e+02   1.6380000e+03   8.1400000e+02
  -1.6725000e+02   1.6430000e+03   2.4200000e+02
  -1.6700000e+02   1.9390000e+03   3.4900000e+02
  -1.6675000e+02   2.8530000e+03   2.7100000e+02
  -1.6650000e+02   2.8540000e+03   2.7400000e+02
  -1.6625000e+02   2.8560000e+03   2.7400000e+02
  -1.6600000e+02   2.8710000e+03   2.7700000e+02
  -1.6575000e+02   2.8740000e+03   2.7900000e+02
  -1.6550000e+02   2.8920000e+03   2.7700000e+02
  -1.6525000e+02   2.8930000e+03   2.7800000e+02
  -1.6500000e+02   2.8920000e+03   2.7800000e+02
  -1.6475000e+02   2.8940000e+03   2.7500000e+02
  -1.6450000e+02   2.8920000e+03   2.7800000e+02
  -1.6425000e+02   2.9090000e+03   2.7200000e+02
  -1.6400000e+02   2.9100000e+03   2.7000000e+02
  -1.6375000e+02   2.9210000e+03   2.6000000e+02
  -1.6350000e+02   2.9980000e+03   2.7600000e+02
  -1.6325000e+02   3.0130000e+03   2.8100000e+02
  -1.6300000e+02   3.0110000e+03   2.7600000e+02
  -1.6275000e+02   3.0140000e+03   2.7800000e+02
  -1.6250000e+02   3.0200000e+03   2.7700000e+02
  -1.6225000e+02   3.0280000e+03   2.7700000e+02
  -1.6200000e+02   3.0440000e+03   2.7600000e+02
  -1.6175000e+02   3.0490000e+03   2.7400000e+02
  -1.6150000e+02   3.0640000e+03   2.7500000e+02
  -1.6125000e+02   3.0660000e+03   2.7700000e+02
  -1.6100000e+02   3.0720000e+03   2.7500000e+02
  -1.6075000e+02   3.0630000e+03   2.7400000e+02
  -1.6050000e+02   3.0650000e+03   2.7500000e+02
  -1.6025000e+02   0.0000000e+00   6.0000000e+00
  -1.6000000e+02   1.2030000e+03   1.6800000e+02
  -1.5975000e+02   1.1970000e+03   2.2700000e+02
  -1.5950000e+02   1.1860000e+03   3.6500000e+02
  -1.5925000e+02   1.2120000e+03   6.7000000e+02
  -1.5900000e+02   1.2250000e+03   2.3300000e+02
  -1.5875000e+02   1.2240000e+03   1.8200000e+02
  -1.5850000e+02   0.0000000e+00   6.0000000e+00
  -1.5825000e+02   3.1200000e+03   2.6400000e+02
  -1.5800000e+02   3.1310000e+03   2.6700000e+02
  -1.5775000e+02   3.1360000e+03   2.6700000e+02
  -1.5750000e+02   3.1430000e+03   2.6900000e+02
  -1.5725000e+02   3.1630000e+03   2.6600000e+02
  -1.5700000e+02   3.1730000e+03   2.6400000e+02
  -1.5675000e+02   3.1820000e+03   2.6500000e+02
  -1.5650000e+02   3.1960000e+03   2.6500000e+02
  -1.5625000e+02   3.1940000e+03   2.7600000e+02
  -1.5600000e+02   3.1990000e+03   2.7700000e+02
  -1.5575000e+02   3.2130000e+03   2.6700000e+02
  -1.5550000e+02   3.2190000e+03   2.6500000e+02
  -1.5525000e+02   3.2200000e+03   2.6800000e+02
  -1.5500000e+02   3.2520000e+03   2.6500000e+02
  -1.5475000e+02   3.2510000e+03   2.6900000e+02
  -1.5450000e+02   3.2400000e+03   2.7200000e+02
  -1.5425000e+02   3.2710000e+03   2.7100000e+02
  -1.5400000e+02   3.2790000e+03   2.6800000e+02
  -1.5375000e+02   3.2700000e+03   2.6700000e+02
  -1.5350000e+02   3.2990000e+03   2.6500000e+02
  -1.5325000e+02   3.2890000e+03   2.6700000e+02
  -1.5300000e+02   3.3010000e+03   2.6300000e+02
  -1.5275000e+02   3.3270000e+03   2.6300000e+02
  -1.5250000e+02   3.3230000e+03   2.6800000e+02
  -1.5225000e+02   3.3400000e+03   2.6400000e+02
  -1.5200000e+02   3.3440000e+03   2.6100000e+02
  -1.5175000e+02   3.3550000e+03   2.6100000e+02
  -1.5150000e+02   3.3700000e+03   2.5900000e+02
  -1.5125000e+02   3.3880000e+03   2.6000000e+02
  -1.5100000e+02   3.4220000e+03   2.5800000e+02
  -1.5075000e+02   3.4320000e+03   2.5900000e+02
  -1.5050000e+02   3.4260000e+03   2.6400000e+02
  -1.5025000e+02   3.4530000e+03   2.6100000e+02
  -1.5000000e+02   3.4580000e+03   2.6500000e+02
  -1.4975000e+02   3.4530000e+03   2.6900000e+02
  -1.4950000e+02   3.4900000e+03   2.6100000e+02
  -1.4925000e+02   3.4790000e+03   2.6300000e+02
  -1.4900000e+02   3.4910000e+03   2.6300000e+02
  -1.4875000e+02   3.5210000e+03   2.6200000e+02
  -1.4850000e+02   3.5210000e+03   2.7100000e+02
  -1.4825000e+02   3.5140000e+03   2.6900000e+02
  -1.4800000e+02   3.5240000e+03   2.6800000e+02
  -1.4775000e+02   3.5290000e+03   2.5900000e+02
  -1.4750000e+02   3.5500000e+03   2.5600000e+02
  -1.4725000e+02   3.5480000e+03   2.5600000e+02
  -1.4700000e+02   3.5640000e+03   2.5500000e+02
  -1.4675000e+02   3.7130000e+03   2.5200000e+02
  -1.4650000e+02   3.7730000e+03   2.5100000e+02
  -1.4625000e+02   3.7870000e+03   2.5100000e+02
  -1.4600000e+02   3.8000000e+03   2.5000000e+02
  -1.4575000e+02   3.8180000e+03   2.5200000e+02
  -1.4550000e+02   3.8180000e+03   2.5300000e+02
  -1.4525000e+02   3.8400000e+03   2.5200000e+02
  -1.4500000e+02   3.8460000e+03   2.5200000e+02
  -1.4475000e+02   3.8630000e+03   2.5100000e+02
  -1.4450000e+02   3.8740000e+03   2.5000000e+02
  -1.4425000e+02   3.8810000e+03   2.5000000e+02
  -1.4400000e+02   3.9040000e+03   2.4900000e+02
  -1.4375000e+02   3.9150000e+03   2.5100000e+02
  -1.4350000e+02   3.9370000e+03   2.4900000e+02
  -1.4325000e+02   3.9510000e+03   2.5000000e+02
  -1.4300000e+02   3.9970000e+03   2.4500000e+02
  -1.4275000e+02   4.0120000e+03   2.4900000e+02
  -1.4250000e+02   4.0440000e+03   2.4900000e+02
  -1.4225000e+02   4.0570000e+03   2.5400000e+02
  -1.4200000e+02   4.0610000e+03   2.5000000e+02
  -1.4175000e+02   4.0320000e+03   2.5000000e+02
  -1.4150000e+02   4.0050000e+03   2.4900000e+02
  -1.4125000e+02   3.9930000e+03   2.5000000e+02
  -1.4100000e+02   3.9730000e+03   2.4800000e+02
  -1.4075000e+02   3.9590000e+03   2.4900000e+02
  -1.4050000e+02   3.9470000e+03   2.4800000e+02
  -1.4025000e+02   3.9250000e+03   2.5100000e+02
  -1.4000000e+02   3.9140000e+03   2.5000000e+02
  -1.3975000e+02   3.9020000e+03   2.5700000e+02
  -1.3950000e+02   3.8830000e+03   2.5300000e+02
  -1.3925000e+02   3.8680000e+03   2.5200000e+02
  -1.3900000e+02   3.8560000e+03   2.5100000e+02
  -1.3875000e+02   3.8300000e+03   2.5500000e+02
  -1.3850000e+02   3.8060000e+03   2.5400000e+02
  -1.3825000e+02   3.8010000e+03   2.5500000e+02
  -1.3800000e+02   3.7990000e+03   2.5400000e+02
  -1.3775000e+02   3.7750000e+03   2.5400000e+02
  -1.3750000e+02   3.7530000e+03   2.5600000e+02
  -1.3725000e+02   3.7440000e+03   2.5500000e+02
  -1.3700000e+02   3.7470000e+03   2.5500000e+02
  -1.3675000e+02   3.7260000e+03   2.5600000e+02
  -1.3650000e+02   3.7270000e+03   2.5400000e+02
  -1.3625000e+02   3.6950000e+03   2.5600000e+02
  -1.3600000e+02   3.6880000e+03   2.5600000e+02
  -1.3575000e+02   3.6770000e+03   2.5800000e+02
  -1.3550000e+02   3.6830000e+03   2.5500000e+02
  -1.3525000e+02   3.6620000e+03   2.5800000e+02
  -1.3500000e+02   3.6330000e+03   2.5700000e+02
  -1.3475000e+02   3.6260000e+03   2.5700000e+02
  -1.3450000e+02   3.6230000e+03   2.5700000e+02
  -1.3425000e+02   3.6070000e+03   2.5900000e+02
  -1.3400000e+02   3.5880000e+03   2.5900000e+02
  -1.3375000e+02   3.5800000e+03   2.5900000e+02
  -1.3350000e+02   3.5810000e+03   2.5800000e+02
  -1.3325000e+02   3.5700000e+03   2.5900000e+02
  -1.3300000e+02   3.5580000e+03   2.5800000e+02
  -1.3275000e+02   3.5480000e+03   2.5900000e+02
  -1.3250000e+02   3.5320000e+03   2.5900000e+02
  -1.3225000e+02   3.5150000e+03   2.6000000e+02
  -1.3200000e+02   3.5240000e+03   2.6000000e+02
  -1.3175000e+02   3.4780000e+03   2.6300000e+02
  -1.3150000e+02   3.4880000e+03   2.6000000e+02
  -1.3125000e+02   3.4760000e+03   2.6000000e+02
  -1.3100000e+02   3.4680000e+03   2.6100000e+02
  -1.3075000e+02   3.4470000e+03   2.6300000e+02
  -1.3050000e+02   3.4470000e+03   2.6400000e+02
  -1.3025000e+02   3.4310000e+03   2.6400000e+02
  -1.3000000e+02   3.4180000e+03   2.6300000e+02
  -1.2975000e+02   3.4370000e+03   2.6000000e+02
  -1.2950000e+02   3.4130000e+03   2.6200000e+02
  -1.2925000e+02   3.3990000e+03   2.6300000e+02
  -1.2900000e+02   3.3960000e+03   2.6400000e+02
  -1.2875000e+02   3.3840000e+03   2.6100000e+02
  -1.2850000e+02   3.3750000e+03   2.6400000e+02
  -1.2825000e+02   0.0000000e+00   6.0000000e+00
  -1.2800000e+02   1.5200000e+03   1.4000000e+02
  -1.2775000e+02   1.6870000e+03   4.6800000e+02
  -1.2750000e+02   1.6120000e+03   4.8300000e+02
  -1.2725000e+02   1.5830000e+03   4.8100000e+02
  -1.2700000e+02   1.5230000e+03   8.6500000e+02
  -1.2675000e+02   1.5080000e+03   1.0760000e+03
  -1.2650000e+02   1.5180000e+03   1.6500000e+03
  -1.2625000e+02   1.5130000e+03   1.9410000e+03
  -1.2600000e+02   1.5140000e+03   1.9200000e+03
  -1.2575000e+02   1.5400000e+03   1.6760000e+03
  -1.2550000e+02   1.5280000e+03   1.1790000e+03
  -1.2525000e+02   1.5270000e+03   7.8200000e+02
  -1.2500000e+02   1.5600000e+03   4.5600000e+02
  -1.2475000e+02   1.5950000e+03   4.7900000e+02
  -1.2450000e+02   1.6590000e+03   4.6700000e+02
  -1.2425000e+02   1.5290000e+03   1.5800000e+02
  -1.2400000e+02   0.0000000e+00   6.0000000e+00
  -1.2375000e+02   0.0000000e+00   6.0000000e+00
  -1.2350000e+02   3.2390000e+03   2.6400000e+02
  -1.2325000e+02   3.2240000e+03   2.6700000e+02
  -1.2300000e+02   3.2000000e+03   2.6900000e+02
  -1.2275000e+02   3.1990000e+03   2.7000000e+02
  -1.2250000e+02   3.1930000e+03   2.6900000e+02
  -1.2225000e+02   3.1940000e+03   2.7000000e+02
  -1.2200000e+02   3.1810000e+03   2.7100000e+02
  -1.2175000e+02   3.1750000e+03   2.7100000e+02
  -1.2150000e+02   3.1580000e+03   2.7200000e+02
  -1.2125000e+02   3.1640000e+03   2.7000000e+02
  -1.2100000e+02   3.1660000e+03   2.7000000e+02
  -1.2075000e+02   3.1570000e+03   2.7000000e+02
  -1.2050000e+02   3.1470000e+03   2.7200000e+02
  -1.2025000e+02   3.1420000e+03   2.7300000e+02
  -1.2000000e+02   3.1240000e+03   2.7300000e+02
  -1.1975000e+02   3.1320000e+03   2.7200000e+02
  -1.1950000e+02   3.1160000e+03   2.7300000e+02
  -1.1925000e+02   3.1200000e+03   2.7300000e+02
  -1.1900000e+02   3.1070000e+03   2.7300000e+02
  -1.1875000e+02   3.1060000e+03   2.7300000e+02
  -1.1850000e+02   3.1020000e+03   2.7400000e+02
  -1.1825000e+02   3.0990000e+03   2.7300000e+02
  -1.1800000e+02   3.1040000e+03   2.7300000e+02
  -1.1775000e+02   3.0960000e+03   2.7300000e+02
  -1.1750000e+02   3.0880000e+03   2.7200000e+02
  -1.1725000e+02   3.0740000e+03   2.7200000e+02
  -1.1700000e+02   3.0800000e+03   2.7200000e+02
  -1.1675000e+02   3.0670000e+03   2.7600000e+02
  -1.1650000e+02   3.0690000e+03   2.7300000e+02
  -1.1625000e+02   3.0430000e+03   2.7600000e+02
  -1.1600000e+02   3.0540000e+03   2.7400000e+02
  -1.1575000e+02   3.0630000e+03   2.7300000e+02
  -1.1550000e+02   3.0610000e+03   2.7300000e+02
  -1.1525000e+02   3.0570000e+03   2.7400000e+02
  -1.1500000e+02   3.0450000e+03   2.7300000e+02
  -1.1475000e+02   3.0350000e+03   2.7400000e+02
  -1.1450000e+02   3.0460000e+03   2.7400000e+02
  -1.1425000e+02   3.0340000e+03   2.7300000e+02
  -1.1400000e+02   3.0320000e+03   2.7500000e+02
  -1.1375000e+02   3.0280000e+03   2.7400000e+02
  -1.1350000e+02   3.0270000e+03   2.7400000e+02
  -1.1325000e+02   3.0160000e+03   2.7600000e+02
  -1.1300000e+02   3.0120000e+03   2.7500000e+02
  -1.1275000e+02   3.0110000e+03   2.7400000e+02
  -1.1250000e+02   3.0140000e+03   2.7300000e+02
  -1.1225000e+02   3.0070000e+03   2.7600000e+02
  -1.1200000e+02   3.0090000e+03   2.7500000e+02
  -1.1175000e+02   2.9890000e+03   2.7600000e+02
  -1.1150000e+02   2.9970000e+03   2.7600000e+02
  -1.1125000e+02   2.9960000e+03   2.7500000e+02
  -1.1100000e+02   2.9870000e+03   2.7500000e+02
  -1.1075000e+02   2.9890000e+03   2.7500000e+02
  -1.1050000e+02   2.9910000e+03   2.7500000e+02
  -1.1025000e+02   2.9860000e+03   2.7600000e+02
  -1.1000000e+02   2.9760000e+03   2.7700000e+02
  -1.0975000e+02   2.9690000e+03   2.7800000e+02
  -1.0950000e+02   2.9790000e+03   2.7600000e+02
  -1.0925000e+02   2.9670000e+03   2.7800000e+02
  -1.0900000e+02   2.9750000e+03   2.7600000e+02
  -1.0875000e+02   2.9710000e+03   2.7700000e+02
  -1.0850000e+02   2.9600000e+03   2.7700000e+02
  -1.0825000e+02   2.9590000e+03   2.7600000e+02
  -1.0800000e+02   2.9600000e+03   2.7500000e+02
  -1.0775000e+02   2.9650000e+03   2.7500000e+02
  -1.0750000e+02   2.9510000e+03   2.7800000e+02
  -1.0725000e+02   2.9570000e+03   2.7800000e+02
  -1.0700000e+02   2.9530000e+03   2.7700000e+02
  -1.0675000e+02   2.9530000e+03   2.7700000e+02
  -1.0650000e+02   2.9440000e+03   2.7800000e+02
  -1.0625000e+02   2.9460000e+03   2.7900000e+02
  -1.0600000e+02   2.9400000e+03   2.7700000e+02
  -1.0575000e+02   2.9370000e+03   2.7700000e+02
  -1.0550000e+02   2.9380000e+03   2.7900000e+02
  -1.0525000e+02   2.9310000e+03   2.8000000e+02
  -1.0500000e+02   2.9390000e+03   2.7900000e+02
  -1.0475000e+02   2.9370000e+03   2.8100000e+02
  -1.0450000e+02   2.9320000e+03   2.8100000e+02
  -1.0425000e+02   2.9300000e+03   2.8100000e+02
  -1.0400000e+02   2.9310000e+03   2.8200000e+02
  -1.0375000e+02   2.9310000e+03   2.8400000e+02
  -1.0350000e+02   2.9270000e+03   2.8200000e+02
  -1.0325000e+02   2.9160000e+03   2.8600000e+02
  -1.0300000e+02   2.9250000e+03   2.8500000e+02
  -1.0275000e+02   2.9210000e+03   2.8700000e+02
  -1.0250000e+02   2.9320000e+03   2.8600000e+02
  -1.0225000e+02   2.9280000e+03   2.8900000e+02
  -1.0200000e+02   2.9220000e+03   2.9200000e+02
  -1.0175000e+02   2.9200000e+03   2.9600000e+02
  -1.0150000e+02   2.9160000e+03   3.0100000e+02
  -1.0125000e+02   2.9290000e+03   3.1200000e+02
  -1.0100000e+02   2.9190000e+03   3.2900000e+02
  -1.0075000e+02   2.9360000e+03   3.4300000e+02
  -1.0050000e+02   2.9120000e+03   3.6200000e+02
  -1.0025000e+02   2.9150000e+03   3.8100000e+02
  -1.0000000e+02   2.9130000e+03   3.9500000e+02
  -9.9750000e+01   2.9240000e+03   4.0800000e+02
  -9.9500000e+01   2.9170000e+03   4.2000000e+02
  -9.9250000e+01   2.9210000e+03   4.3200000e+02
  -9.9000000e+01   2.9200000e+03   4.4400000e+02
  -9.8750000e+01   2.9280000e+03   4.5100000e+02
  -9.8500000e+01   2.9120000e+03   4.6500000e+02
  -9.8250000e+01   2.9120000e+03   4.6300000e+02
  -9.8000000e+01   2.9300000e+03   4.5500000e+02
  -9.7750000e+01   2.9140000e+03   4.3400000e+02
  -9.7500000e+01   2.9150000e+03   4.1700000e+02
  -9.7250000e+01   2.9110000e+03   4.0500000e+02
  -9.7000000e+01   2.9170000e+03   3.9200000e+02
  -9.6750000e+01   2.9030000e+03   3.7500000e+02
  -9.6500000e+01   2.9200000e+03   3.5800000e+02
  -9.6250000e+01   2.9230000e+03   3.4900000e+02
  -9.6000000e+01   2.9250000e+03   3.3000000e+02
  -9.5750000e+01   2.9300000e+03   3.1400000e+02
  -9.5500000e+01   2.9190000e+03   3.0600000e+02
  -9.5250000e+01   2.9200000e+03   2.9800000e+02
  -9.5000000e+01   2.9210000e+03   2.9400000e+02
  -9.4750000e+01   2.9190000e+03   2.9200000e+02
  -9.4500000e+01   2.9210000e+03   2.9100000e+02
  -9.4250000e+01   2.9210000e+03   2.9000000e+02
  -9.4000000e+01   2.9180000e+03   2.8800000e+02
  -9.3750000e+01   2.9290000e+03   2.8700000e+02
  -9.3500000e+01   2.9330000e+03   2.8400000e+02
  -9.3250000e+01   2.9280000e+03   2.8400000e+02
  -9.3000000e+01   2.9280000e+03   2.8600000e+02
  -9.2750000e+01   2.9300000e+03   2.8300000e+02
  -9.2500000e+01   2.9330000e+03   2.8200000e+02
  -9.2250000e+01   2.9310000e+03   2.8100000e+02
  -9.2000000e+01   2.9300000e+03   2.8100000e+02
  -9.1750000e+01   2.9380000e+03   2.8000000e+02
  -9.1500000e+01   2.9200000e+03   2.8400000e+02
  -9.1250000e+01   2.9370000e+03   2.8300000e+02
  -9.1000000e+01   2.9400000e+03   2.7800000e+02
  -9.0750000e+01   2.9340000e+03   2.7800000e+02
  -9.0500000e+01   2.9370000e+03   2.7700000e+02
  -9.0250000e+01   2.9440000e+03   2.8100000e+02
  -9.0000000e+01   2.9440000e+03   2.7900000e+02
  -8.9750000e+01   2.9470000e+03   2.7800000e+02
  -8.9500000e+01   2.9550000e+03   2.7500000e+02
  -8.9250000e+01   2.9510000e+03   2.7600000e+02
  -8.9000000e+01   2.9450000e+03   2.7900000e+02
  -8.8750000e+01   2.9580000e+03   2.7500000e+02
  -8.8500000e+01   2.9630000e+03   2.7600000e+02
  -8.8250000e+01   2.9600000e+03   2.7800000e+02
  -8.8000000e+01   2.9610000e+03   2.7800000e+02
  -8.7750000e+01   2.9810000e+03   2.7400000e+02
  -8.7500000e+01   2.9640000e+03   2.7700000e+02
  -8.7250000e+01   2.9680000e+03   2.7600000e+02
  -8.7000000e+01   2.9630000e+03   2.7700000e+02
  -8.6750000e+01   2.9680000e+03   2.7900000e+02
  -8.6500000e+01   2.9770000e+03   2.7500000e+02
  -8.6250000e+01   2.9830000e+03   2.7500000e+02
  -8.6000000e+01   2.9780000e+03   2.7700000e+02
  -8.5750000e+01   2.9840000e+03   2.7600000e+02
  -8.5500000e+01   2.9940000e+03   2.7600000e+02
  -8.5250000e+01   2.9960000e+03   2.7400000e+02
  -8.5000000e+01   2.9980000e+03   2.7500000e+02
  -8.4750000e+01   2.9920000e+03   2.7500000e+02
  -8.4500000e+01   3.0030000e+03   2.7500000e+02
  -8.4250000e+01   2.9970000e+03   2.7400000e+02
  -8.4000000e+01   3.0010000e+03   2.7700000e+02
  -8.3750000e+01   3.0210000e+03   2.7500000e+02
  -8.3500000e+01   3.0150000e+03   2.7500000e+02
  -8.3250000e+01   3.0160000e+03   2.7600000e+02
  -8.3000000e+01   3.0220000e+03   2.7400000e+02
  -8.2750000e+01   3.0170000e+03   2.7600000e+02
  -8.2500000e+01   3.0200000e+03   2.7500000e+02
  -8.2250000e+01   3.0320000e+03   2.7300000e+02
  -8.2000000e+01   3.0350000e+03   2.7300000e+02
  -8.1750000e+01   3.0390000e+03   2.7500000e+02
  -8.1500000e+01   3.0500000e+03   2.7500000e+02
  -8.1250000e+01   3.0400000e+03   2.7500000e+02
  -8.1000000e+01   3.0580000e+03   2.7300000e+02
  -8.0750000e+01   3.0580000e+03   2.7200000e+02
  -8.0500000e+01   3.0620000e+03   2.7100000e+02
  -8.0250000e+01   3.0620000e+03   2.7400000e+02
  -8.0000000e+01   3.0650000e+03   2.7200000e+02
  -7.9750000e+01   3.0890000e+03   2.7300000e+02
  -7.9500000e+01   3.0860000e+03   2.7100000e+02
  -7.9250000e+01   3.0910000e+03   2.7400000e+02
  -7.9000000e+01   3.0690000e+03   2.7400000e+02
  -7.8750000e+01   3.0990000e+03   2.7300000e+02
  -7.8500000e+01   3.0960000e+03   2.7200000e+02
  -7.8250000e+01   3.1020000e+03   2.7200000e+02
  -7.8000000e+01   3.1140000e+03   2.7300000e+02
  -7.7750000e+01   3.1070000e+03   2.7100000e+02
  -7.7500000e+01   3.1040000e+03   2.7200000e+02
  -7.7250000e+01   3.1100000e+03   2.7200000e+02
  -7.7000000e+01   3.1310000e+03   2.6900000e+02
  -7.6750000e+01   3.1310000e+03   2.7000000e+02
  -7.6500000e+01   3.1290000e+03   2.7300000e+02
  -7.6250000e+01   3.1380000e+03   2.7100000e+02
  -7.6000000e+01   3.1490000e+03   2.7300000e+02
  -7.5750000e+01   3.1560000e+03   2.7000000e+02
  -7.5500000e+01   3.1590000e+03   2.7000000e+02
  -7.5250000e+01   3.1570000e+03   2.6900000e+02
  -7.5000000e+01   3.1660000e+03   2.6900000e+02
  -7.4750000e+01   3.1770000e+03   2.6900000e+02
  -7.4500000e+01   3.1870000e+03   2.7100000e+02
  -7.4250000e+01   3.1850000e+03   2.7100000e+02
  -7.4000000e+01   3.1990000e+03   2.6900000e+02
  -7.3750000e+01   3.1950000e+03   2.7100000e+02
  -7.3500000e+01   3.2090000e+03   2.7100000e+02
  -7.3250000e+01   3.2110000e+03   2.7000000e+02
  -7.3000000e+01   3.2270000e+03   2.6700000e+02
  -7.2750000e+01   3.2220000e+03   2.7100000e+02
  -7.2500000e+01   3.2440000e+03   2.6800000e+02
  -7.2250000e+01   3.2380000e+03   2.7000000e+02
  -7.2000000e+01   3.2560000e+03   2.6700000e+02
  -7.1750000e+01   3.2750000e+03   2.6400000e+02
  -7.1500000e+01   0.0000000e+00   6.0000000e+00
  -7.1250000e+01   1.5640000e+03   1.3200000e+02
  -7.1000000e+01   1.7100000e+03   4.6200000e+02
  -7.0750000e+01   1.6620000e+03   4.7500000e+02
  -7.0500000e+01   1.6240000e+03   4.7900000e+02
  -7.0250000e+01   1.5570000e+03   4.4900000e+02
  -7.0000000e+01   1.5680000e+03   9.3300000e+02
  -6.9750000e+01   1.5620000e+03   1.3470000e+03
  -6.9500000e+01   1.5550000e+03   1.9390000e+03
  -6.9250000e+01   1.5500000e+03   2.0030000e+03
  -6.9000000e+01   1.5660000e+03   1.9000000e+03
  -6.8750000e+01   1.5720000e+03   1.2930000e+03
  -6.8500000e+01   1.5730000e+03   9.7000000e+02
  -6.8250000e+01   1.5780000e+03   4.6200000e+02
  -6.8000000e+01   1.6320000e+03   4.8500000e+02
  -6.7750000e+01   1.6760000e+03   4.7500000e+02
  -6.7500000e+01   1.5550000e+03   1.7300000e+02
  -6.7250000e+01   1.5620000e+03   1.0700000e+02
  -6.7000000e+01   0.0000000e+00   6.0000000e+00
  -6.6750000e+01   3.4280000e+03   2.6400000e+02
  -6.6500000e+01   3.4400000e+03   2.6000000e+02
  -6.6250000e+01   3.4460000e+03   2.6100000e+02
  -6.6000000e+01   3.4430000e+03   2.6200000e+02
  -6.5750000e+01   3.4560000e+03   2.6100000e+02
  -6.5500000e+01   3.4590000e+03   2.6200000e+02
  -6.5250000e+01   3.4750000e+03   2.6100000e+02
  -6.5000000e+01   3.4880000e+03   2.6100000e+02
  -6.4750000e+01   3.4950000e+03   2.5900000e+02
  -6.4500000e+01   3.5080000e+03   2.6200000e+02
  -6.4250000e+01   3.5170000e+03   2.5900000e+02
  -6.4000000e+01   3.5150000e+03   2.6100000e+02
  -6.3750000e+01   3.5340000e+03   2.5900000e+02
  -6.3500000e+01   3.5290000e+03   2.6000000e+02
  -6.3250000e+01   3.5550000e+03   2.6000000e+02
  -6.3000000e+01   3.5580000e+03   2.5800000e+02
  -6.2750000e+01   3.5750000e+03   2.5800000e+02
  -6.2500000e+01   3.5870000e+03   2.5900000e+02
  -6.2250000e+01   3.6100000e+03   2.5800000e+02
  -6.2000000e+01   3.6090000e+03   2.5700000e+02
  -6.1750000e+01   3.6260000e+03   2.5500000e+02
  -6.1500000e+01   3.6430000e+03   2.5700000e+02
  -6.1250000e+01   3.6530000e+03   2.5600000e+02
  -6.1000000e+01   3.6580000e+03   2.5500000e+02
  -6.0750000e+01   3.6700000e+03   2.5700000e+02
  -6.0500000e+01   3.6790000e+03   2.5600000e+02
  -6.0250000e+01   3.6860000e+03   2.5400000e+02
  -6.0000000e+01   3.7150000e+03   2.5400000e+02
  -5.9750000e+01   3.7220000e+03   2.5300000e+02
  -5.9500000e+01   3.7350000e+03   2.5500000e+02
  -5.9250000e+01   3.7570000e+03   2.5500000e+02
  -5.9000000e+01   3.7620000e+03   2.5300000e+02
  -5.8750000e+01   3.7920000e+03   2.5300000e+02
  -5.8500000e+01   3.8010000e+03   2.5400000e+02
  -5.8250000e+01   3.7970000e+03   2.5300000e+02
  -5.8000000e+01   3.8380000e+03   2.5000000e+02
  -5.7750000e+01   3.8370000e+03   2.5000000e+02
  -5.7500000e+01   3.8450000e+03   2.5200000e+02
  -5.7250000e+01   3.8660000e+03   2.5100000e+02
  -5.7000000e+01   3.8860000e+03   2.4900000e+02
  -5.6750000e+01   3.8950000e+03   2.5200000e+02
  -5.6500000e+01   3.9100000e+03   2.4900000e+02
  -5.6250000e+01   3.9300000e+03   2.5000000e+02
  -5.6000000e+01   3.9440000e+03   2.4800000e+02
  -5.5750000e+01   3.9700000e+03   2.4800000e+02
  -5.5500000e+01   3.9620000e+03   2.4800000e+02
  -5.5250000e+01   3.9810000e+03   2.4900000e+02
  -5.5000000e+01   4.0120000e+03   2.4800000e+02
  -5.4750000e+01   4.0310000e+03   2.4700000e+02
  -5.4500000e+01   4.0330000e+03   2.4700000e+02
  -5.4250000e+01   4.0580000e+03   2.4600000e+02
  -5.4000000e+01   4.0740000e+03   2.4500000e+02
  -5.3750000e+01   4.0870000e+03   2.4700000e+02
  -5.3500000e+01   4.1200000e+03   2.4400000e+02
  -5.3250000e+01   4.1360000e+03   2.4300000e+02
  -5.3000000e+01   4.1490000e+03   2.4500000e+02
  -5.2750000e+01   4.1480000e+03   2.4800000e+02
  -5.2500000e+01   4.1790000e+03   2.4300000e+02
  -5.2250000e+01   4.1960000e+03   2.4300000e+02
  -5.2000000e+01   4.2250000e+03   2.4200000e+02
  -5.1750000e+01   4.2330000e+03   2.4300000e+02
  -5.1500000e+01   4.2500000e+03   2.4300000e+02
  -5.1250000e+01   4.2830000e+03   2.3900000e+02
  -5.1000000e+01   4.3060000e+03   2.4300000e+02
  -5.0750000e+01   4.3240000e+03   2.3900000e+02
  -5.0500000e+01   4.3590000e+03   2.3800000e+02
  -5.0250000e+01   4.3680000e+03   2.4200000e+02
  -5.0000000e+01   4.3990000e+03   2.4700000e+02
  -4.9750000e+01   4.4100000e+03   2.4800000e+02
  -4.9500000e+01   4.4010000e+03   2.4800000e+02
  -4.9250000e+01   4.3720000e+03   2.4600000e+02
  -4.9000000e+01   4.3560000e+03   2.4600000e+02
  -4.8750000e+01   4.3360000e+03   2.4800000e+02
  -4.8500000e+01   4.3250000e+03   2.5000000e+02
  -4.8250000e+01   4.3160000e+03   2.4700000e+02
  -4.8000000e+01   4.3040000e+03   2.5200000e+02
  -4.7750000e+01   4.2910000e+03   2.4700000e+02
  -4.7500000e+01   4.2770000e+03   2.4900000e+02
  -4.7250000e+01   4.2710000e+03   2.4500000e+02
  -4.7000000e+01   4.2600000e+03   2.4300000e+02
  -4.6750000e+01   4.2320000e+03   2.4600000e+02
  -4.6500000e+01   4.2230000e+03   2.4300000e+02
  -4.6250000e+01   4.1970000e+03   2.5000000e+02
  -4.6000000e+01   4.2060000e+03   2.5400000e+02
  -4.5750000e+01   4.1890000e+03   2.5400000e+02
  -4.5500000e+01   4.1700000e+03   2.5600000e+02
  -4.5250000e+01   4.1630000e+03   2.5600000e+02
  -4.5000000e+01   4.1740000e+03   2.4800000e+02
  -4.4750000e+01   4.1560000e+03   2.4900000e+02
  -4.4500000e+01   4.1450000e+03   2.5000000e+02
  -4.4250000e+01   4.1280000e+03   2.4900000e+02
  -4.4000000e+01   4.1090000e+03   2.5200000e+02
  -4.3750000e+01   4.0960000e+03   2.5100000e+02
  -4.3500000e+01   4.0850000e+03   2.5200000e+02
  -4.3250000e+01   4.0940000e+03   2.5200000e+02
  -4.3000000e+01   4.0550000e+03   2.5200000e+02
  -4.2750000e+01   4.0580000e+03   2.4900000e+02
  -4.2500000e+01   4.0450000e+03   2.5200000e+02
  -4.2250000e+01   4.0330000e+03   2.5200000e+02
  -4.2000000e+01   4.0190000e+03   2.5400000e+02
  -4.1750000e+01   4.0070000e+03   2.5500000e+02
  -4.1500000e+01   3.9900000e+03   2.5200000e+02
  -4.1250000e+01   3.9750000e+03   2.5500000e+02
  -4.1000000e+01   3.9840000e+03   2.5600000e+02
  -4.0750000e+01   3.9600000e+03   2.5400000e+02
  -4.0500000e+01   3.9510000e+03   2.5400000e+02
  -4.0250000e+01   3.9380000e+03   2.5400000e+02
  -4.0000000e+01   3.9280000e+03   2.5700000e+02
  -3.9750000e+01   3.9120000e+03   2.5600000e+02
  -3.9500000e+01   3.9150000e+03   2.5800000e+02
  -3.9250000e+01   3.8980000e+03   2.5800000e+02
  -3.9000000e+01   3.8970000e+03   2.5400000e+02
  -3.8750000e+01   3.8890000e+03   2.5600000e+02
  -3.8500000e+01   3.8680000e+03   2.5600000e+02
  -3.8250000e+01   3.8530000e+03   2.5700000e+02
  -3.8000000e+01   3.8480000e+03   2.5800000e+02
  -3.7750000e+01   3.8410000e+03   2.5700000e+02
  -3.7500000e+01   3.8370000e+03   2.5800000e+02
  -3.7250000e+01   3.8180000e+03   2.5800000e+02
  -3.7000000e+01   3.8170000e+03   2.5400000e+02
  -3.6750000e+01   3.8080000e+03   2.5200000e+02
  -3.6500000e+01   3.8050000e+03   2.5200000e+02
  -3.6250000e+01   3.7630000e+03   2.5400000e+02
  -3.6000000e+01   3.7440000e+03   2.5500000e+02
  -3.5750000e+01   3.7310000e+03   2.5700000e+02
  -3.5500000e+01   3.7240000e+03   2.5600000e+02
  -3.5250000e+01   3.7400000e+03   2.5400000e+02
  -3.5000000e+01   3.7270000e+03   2.5600000e+02
  -3.4750000e+01   3.6970000e+03   2.6100000e+02
  -3.4500000e+01   3.6880000e+03   2.6300000e+02
  -3.4250000e+01   3.6820000e+03   2.6800000e+02
  -3.4000000e+01   3.6840000e+03   2.6700000e+02
  -3.3750000e+01   3.6700000e+03   2.6600000e+02
  -3.3500000e+01   3.6750000e+03   2.6600000e+02
  -3.3250000e+01   3.6710000e+03   2.6600000e+02
  -3.3000000e+01   3.6700000e+03   2.6600000e+02
  -3.2750000e+01   3.6460000e+03   2.6100000e+02
  -3.2500000e+01   3.6670000e+03   2.6300000e+02
  -3.2250000e+01   3.6990000e+03   2.6400000e+02
  -3.2000000e+01   3.6770000e+03   2.6100000e+02
  -3.1750000e+01   3.6700000e+03   2.6900000e+02
  -3.1500000e+01   3.6660000e+03   2.6700000e+02
  -3.1250000e+01   3.6620000e+03   2.6800000e+02
  -3.1000000e+01   3.6610000e+03   2.6800000e+02
  -3.0750000e+01   3.6600000e+03   2.6500000e+02
  -3.0500000e+01   3.6460000e+03   2.6800000e+02
  -3.0250000e+01   3.6480000e+03   2.6400000e+02
  -3.0000000e+01   3.6300000e+03   2.7000000e+02
  -2.9750000e+01   3.6250000e+03   2.6600000e+02
  -2.9500000e+01   3.6410000e+03   2.6200000e+02
  -2.9250000e+01   3.6120000e+03   2.6700000e+02
  -2.9000000e+01   3.6170000e+03   2.6600000e+02
  -2.8750000e+01   3.5880000e+03   2.6800000e+02
  -2.8500000e+01   3.5900000e+03   2.6700000e+02
  -2.8250000e+01   3.5970000e+03   2.6500000e+02
  -2.8000000e+01   3.5930000e+03   2.6600000e+02
  -2.7750000e+01   3.5830000e+03   2.6600000e+02
  -2.7500000e+01   3.5810000e+03   2.6800000e+02
  -2.7250000e+01   3.5790000e+03   2.6700000e+02
  -2.7000000e+01   3.5650000e+03   2.6800000e+02
  -2.6750000e+01   3.5730000e+03   2.6900000e+02
  -2.6500000e+01   3.5740000e+03   2.6800000e+02
  -2.6250000e+01   3.5740000e+03   2.6800000e+02
  -2.6000000e+01   3.5840000e+03   2.6600000e+02
  -2.5750000e+01   3.5560000e+03   2.7000000e+02
  -2.5500000e+01   3.5540000e+03   2.6800000e+02
  -2.5250000e+01   3.5410000e+03   2.7100000e+02
  -2.5000000e+01   3.5420000e+03   2.6900000e+02
  -2.4750000e+01   3.5340000e+03   2.6900000e+02
  -2.4500000e+01   3.5370000e+03   2.6700000e+02
  -2.4250000e+01   3.5310000e+03   2.6800000e+02
  -2.4000000e+01   3.5260000e+03   2.6800000e+02
  -2.3750000e+01   3.5080000e+03   2.7000000e+02
  -2.3500000e+01   3.5140000e+03   2.7100000e+02
  -2.3250000e+01   3.5070000e+03   2.7200000e+02
  -2.3000000e+01   3.5070000e+03   2.7000000e+02
  -2.2750000e+01   3.5060000e+03   2.6800000e+02
  -2.2500000e+01   3.5030000e+03   2.6800000e+02
  -2.2250000e+01   3.4910000e+03   2.6900000e+02
  -2.2000000e+01   3.4920000e+03   2.6900000e+02
  -2.1750000e+01   3.4940000e+03   2.6700000e+02
  -2.1500000e+01   3.4950000e+03   2.6700000e+02
  -2.1250000e+01   3.4880000e+03   2.6700000e+02
  -2.1000000e+01   3.4720000e+03   2.7000000e+02
  -2.0750000e+01   3.4860000e+03   2.6800000e+02
  -2.0500000e+01   3.4800000e+03   2.6700000e+02
  -2.0250000e+01   3.4780000e+03   2.6900000e+02
  -2.0000000e+01   3.4650000e+03   2.6900000e+02
  -1.9750000e+01   3.4630000e+03   2.6900000e+02
  -1.9500000e+01   3.4670000e+03   2.6600000e+02
  -1.9250000e+01   3.4570000e+03   2.6900000e+02
  -1.9000000e+01   3.4500000e+03   2.7100000e+02
  -1.8750000e+01   3.4460000e+03   2.6800000e+02
  -1.8500000e+01   3.4360000e+03   2.7000000e+02
  -1.8250000e+01   3.4400000e+03   2.6700000e+02
  -1.8000000e+01   3.4380000e+03   2.6900000e+02
  -1.7750000e+01   3.4260000e+03   2.6800000e+02
  -1.7500000e+01   3.4270000e+03   2.6900000e+02
  -1.7250000e+01   3.4220000e+03   2.6900000e+02
  -1.7000000e+01   3.4180000e+03   2.6900000e+02
  -1.6750000e+01   3.4060000e+03   2.6900000e+02
  -1.6500000e+01   3.4120000e+03   2.6800000e+02
  -1.6250000e+01   3.4210000e+03   2.6800000e+02
  -1.6000000e+01   3.4210000e+03   2.6900000e+02
  -1.5750000e+01   3.4280000e+03   2.6800000e+02
  -1.5500000e+01   3.4250000e+03   2.6800000e+02
  -1.5250000e+01   3.4190000e+03   2.6800000e+02
  -1.5000000e+01   3.4300000e+03   2.6700000e+02
  -1.4750000e+01   3.4320000e+03   2.6200000e+02
  -1.4500000e+01   3.5550000e+03   2.6500000e+02
  -1.4250000e+01   3.5350000e+03   2.6800000e+02
  -1.4000000e+01   3.5300000e+03   2.6900000e+02
  -1.3750000e+01   3.5430000e+03   2.6600000e+02
  -1.3500000e+01   3.5350000e+03   2.6500000e+02
  -1.3250000e+01   3.5320000e+03   2.6300000e+02
  -1.3000000e+01   3.5090000e+03   2.6900000e+02
  -1.2750000e+01   3.5150000e+03   2.6700000e+02
  -1.2500000e+01   3.5220000e+03   2.6400000e+02
  -1.2250000e+01   3.5160000e+03   2.6500000e+02
  -1.2000000e+01   3.5080000e+03   2.6800000e+02
  -1.1750000e+01   3.4970000e+03   2.6700000e+02
  -1.1500000e+01   3.5170000e+03   2.6500000e+02
  -1.1250000e+01   3.5210000e+03   2.6500000e+02
  -1.1000000e+01   3.4980000e+03   2.6800000e+02
  -1.0750000e+01   3.4960000e+03   2.6700000e+02
  -1.0500000e+01   3.5080000e+03   2.6600000e+02
  -1.0250000e+01   3.5090000e+03   2.6700000e+02
  -1.0000000e+01   3.5040000e+03   2.6700000e+02
  -9.7500000e+00   3.4920000e+03   2.6800000e+02
  -9.5000000e+00   3.4900000e+03   2.7100000e+02
  -9.2500000e+00   3.4920000e+03   2.6900000e+02
  -9.0000000e+00   3.4860000e+03   2.6800000e+02
  -8.7500000e+00   3.4880000e+03   2.6800000e+02
  -8.5000000e+00   3.4920000e+03   2.6900000e+02
  -8.2500000e+00   3.4900000e+03   2.6500000e+02
  -8.0000000e+00   3.4910000e+03   2.6700000e+02
  -7.7500000e+00   3.4940000e+03   2.6500000e+02
  -7.5000000e+00   3.4850000e+03   2.6800000e+02
  -7.2500000e+00   3.4800000e+03   2.6700000e+02
  -7.0000000e+00   3.4900000e+03   2.6700000e+02
  -6.7500000e+00   3.4930000e+03   2.6600000e+02
  -6.5000000e+00   3.4810000e+03   2.6600000e+02
  -6.2500000e+00   3.4730000e+03   2.6800000e+02
  -6.0000000e+00   3.4930000e+03   2.6500000e+02
  -5.7500000e+00   3.4700000e+03   2.6700000e+02
  -5.5000000e+00   3.4810000e+03   2.6700000e+02
  -5.2500000e+00   3.4840000e+03   2.6700000e+02
  -5.0000000e+00   3.4650000e+03   2.6800000e+02
  -4.7500000e+00   3.4640000e+03   2.6700000e+02
  -4.5000000e+00   3.4740000e+03   2.6600000e+02
  -4.2500000e+00   3.4770000e+03   2.6800000e+02
  -4.0000000e+00   3.4660000e+03   2.6900000e+02
  -3.7500000e+00   3.4750000e+03   2.6700000e+02
  -3.5000000e+00   3.4670000e+03   2.6700000e+02
  -3.2500000e+00   3.4510000e+03   2.6800000e+02
  -3.0000000e+00   3.4530000e+03   2.6800000e+02
  -2.7500000e+00   3.4730000e+03   2.6600000e+02
  -2.5000000e+00   3.4680000e+03   2.6800000e+02
  -2.2500000e+00   3.4580000e+03   2.6600000e+02
  -2.0000000e+00   3.4610000e+03   2.6600000e+02
  -1.7500000e+00   3.4530000e+03   2.6700000e+02
  -1.5000000e+00   3.4520000e+03   2.7000000e+02
  -1.2500000e+00   3.4570000e+03   2.6700000e+02
  -1.0000000e+00   3.4400000e+03   2.7000000e+02
  -7.5000000e-01   3.4360000e+03   2.6900000e+02
  -5.0000000e-01   3.4470000e+03   2.6700000e+02
  -2.5000000e-01   3.4520000e+03   2.6900000e+02
   0.0000000e+00   3.4510000e+03   2.7000000e+02
   2.5000000e-01   3.4480000e+03   2.6900000e+02
   5.0000000e-01   3.4490000e+03   2.6700000e+02
   7.5000000e-01   3.4600000e+03   2.7000000e+02
   1.0000000e+00   3.4540000e+03   2.7000000e+02
   1.2500000e+00   3.4620000e+03   2.6600000e+02
   1.5000000e+00   3.4590000e+03   2.6800000e+02
   1.7500000e+00   3.4580000e+03   2.6800000e+02
   2.0000000e+00   3.4570000e+03   2.7000000e+02
   2.2500000e+00   3.4540000e+03   2.6800000e+02
   2.5000000e+00   3.4490000e+03   2.6800000e+02
   2.7500000e+00   3.4590000e+03   2.6800000e+02
   3.0000000e+00   3.4590000e+03   2.6700000e+02
   3.2500000e+00   3.4650000e+03   2.6700000e+02
   3.5000000e+00   3.4490000e+03   2.6800000e+02
   3.7500000e+00   3.4530000e+03   2.6700000e+02
   4.0000000e+00   3.4490000e+03   2.6900000e+02
   4.2500000e+00   3.4330000e+03   2.6700000e+02
   4.5000000e+00   3.4650000e+03   2.6600000e+02
   4.7500000e+00   3.4390000e+03   2.6600000e+02
   5.0000000e+00   3.4470000e+03   2.6600000e+02
   5.2500000e+00   3.4480000e+03   2.6500000e+02
   5.5000000e+00   3.4580000e+03   2.6500000e+02
   5.7500000e+00   3.4420000e+03   2.6500000e+02
   6.0000000e+00   3.4640000e+03   2.5400000e+02
   6.2500000e+00   3.5490000e+03   2.6600000e+02
   6.5000000e+00   3.5450000e+03   2.6500000e+02
   6.7500000e+00   3.5540000e+03   2.6400000e+02
   7.0000000e+00   3.5550000e+03   2.4500000e+02
   7.2500000e+00   1.3356000e+04   3.2000000e+01
   7.5000000e+00   1.3148000e+04   5.1000000e+01
   7.7500000e+00   1.2936000e+04   6.2000000e+01
   8.0000000e+00   1.2762000e+04   5.4000000e+01
   8.2500000e+00   1.2586000e+04   6.2000000e+01
   8.5000000e+00   1.2405000e+04   6.0000000e+01
   8.7500000e+00   1.2248000e+04   7.1000000e+01
   9.0000000e+00   1.2067000e+04   6.4000000e+01
   9.2500000e+00   1.1872000e+04   7.1000000e+01
   9.5000000e+00   1.1727000e+04   8.0000000e+01
   9.7500000e+00   1.1558000e+04   8.3000000e+01
   1.0000000e+01   1.1425000e+04   7.9000000e+01
   1.0250000e+01   1.1260000e+04   8.0000000e+01
   1.0500000e+01   7.5270000e+03   1.9500000e+02
   1.0750000e+01   7.2150000e+03   2.3400000e+02
   1.1000000e+01   7.0570000e+03   2.2100000e+02
   1.1250000e+01   7.0510000e+03   2.2200000e+02
   1.1500000e+01   7.0520000e+03   2.2100000e+02
   1.1750000e+01   7.0910000e+03   2.1600000e+02
   1.2000000e+01   7.1870000e+03   1.6400000e+02
   1.2250000e+01   7.2600000e+03   2.0200000e+02
   1.2500000e+01   7.1580000e+03   1.9500000e+02
   1.2750000e+01   7.1370000e+03   2.0300000e+02
   1.3000000e+01   7.1430000e+03   1.5400000e+02
   1.3250000e+01   7.1560000e+03   1.5000000e+02
   1.3500000e+01   7.1540000e+03   6.6000000e+01
   1.3750000e+01   7.1760000e+03   8.3000000e+01
   1.4000000e+01   7.1700000e+03   8.1000000e+01
   1.4250000e+01   7.2080000e+03   6.0000000e+01
   1.4500000e+01   7.1560000e+03   4.2000000e+01
   1.4750000e+01   7.1950000e+03   3.2000000e+01
   1.5000000e+01   7.2170000e+03   3.2000000e+01
   1.5250000e+01   9.0230000e+03   1.6300000e+02
   1.5500000e+01   8.8700000e+03   1.4500000e+02
   1.5750000e+01   8.7480000e+03   1.6400000e+02
   1.6000000e+01   8.7110000e+03   1.4500000e+02
   1.6250000e+01   0.0000000e+00   6.0000000e+00
   1.6500000e+01   1.3780000e+03   1.3300000e+02
   1.6750000e+01   1.3770000e+03   1.9300000e+02
   1.7000000e+01   1.3570000e+03   2.3400000e+02
   1.7250000e+01   1.3720000e+03   2.6000000e+02
   1.7500000e+01   1.3730000e+03   4.2000000e+02
   1.7750000e+01   1.3650000e+03   9.3600000e+02
   1.8000000e+01   1.3660000e+03   1.2610000e+03
   1.8250000e+01   1.3580000e+03   1.8240000e+03
   1.8500000e+01   1.3720000e+03   2.0190000e+03
   1.8750000e+01   1.3750000e+03   2.0190000e+03
   1.9000000e+01   1.3820000e+03   1.8060000e+03
   1.9250000e+01   1.3610000e+03   1.2580000e+03
   1.9500000e+01   1.3710000e+03   9.3900000e+02
   1.9750000e+01   1.3880000e+03   6.4200000e+02
   2.0000000e+01   1.3810000e+03   2.5900000e+02
   2.0250000e+01   1.3800000e+03   2.2400000e+02
   2.0500000e+01   1.3670000e+03   1.7500000e+02
   2.0750000e+01   1.3640000e+03   1.1000000e+02
   2.1000000e+01   0.0000000e+00   6.0000000e+00
   2.1250000e+01   4.5010000e+03   2.5100000e+02
   2.1500000e+01   4.5090000e+03   2.5000000e+02
   2.1750000e+01   4.5070000e+03   2.5100000e+02
   2.2000000e+01   4.5540000e+03   2.4900000e+02
   2.2250000e+01   4.5330000e+03   2.5400000e+02
   2.2500000e+01   4.5540000e+03   2.5200000e+02
   2.2750000e+01   4.5590000e+03   2.5200000e+02
   2.3000000e+01   4.5660000e+03   2.4900000e+02
   2.3250000e+01   4.5670000e+03   2.5200000e+02
   2.3500000e+01   4.5770000e+03   2.5000000e+02
   2.3750000e+01   4.5850000e+03   2.4700000e+02
   2.4000000e+01   4.6040000e+03   2.4900000e+02
   2.4250000e+01   4.6340000e+03   2.5100000e+02
   2.4500000e+01   4.6360000e+03   2.4500000e+02
   2.4750000e+01   4.6330000e+03   2.4400000e+02
   2.5000000e+01   4.6620000e+03   2.4200000e+02
   2.5250000e+01   4.6750000e+03   2.4800000e+02
   2.5500000e+01   4.6680000e+03   2.4600000e+02
   2.5750000e+01   4.6950000e+03   2.4400000e+02
   2.6000000e+01   4.7200000e+03   2.4100000e+02
   2.6250000e+01   4.7380000e+03   2.4100000e+02
   2.6500000e+01   4.7380000e+03   2.4200000e+02
   2.6750000e+01   4.7500000e+03   2.4800000e+02
   2.7000000e+01   4.7690000e+03   2.4100000e+02
   2.7250000e+01   4.7760000e+03   2.4300000e+02
   2.7500000e+01   4.7730000e+03   2.4300000e+02
   2.7750000e+01   4.8220000e+03   2.4100000e+02
   2.8000000e+01   4.8220000e+03   2.3900000e+02
   2.8250000e+01   4.8410000e+03   2.4000000e+02
   2.8500000e+01   4.8640000e+03   2.3700000e+02
   2.8750000e+01   4.8760000e+03   2.3800000e+02
   2.9000000e+01   4.8910000e+03   2.4000000e+02
   2.9250000e+01   4.9120000e+03   2.3900000e+02
   2.9500000e+01   4.9250000e+03   2.4100000e+02
   2.9750000e+01   4.9430000e+03   2.4000000e+02
   3.0000000e+01   4.9660000e+03   2.3700000e+02
   3.0250000e+01   4.9930000e+03   2.3300000e+02
   3.0500000e+01   4.9930000e+03   2.3200000e+02
   3.0750000e+01   5.0260000e+03   2.3100000e+02
   3.1000000e+01   5.0520000e+03   2.3300000e+02
   3.1250000e+01   5.0770000e+03   2.3400000e+02
   3.1500000e+01   5.0970000e+03   2.3900000e+02
   3.1750000e+01   5.1060000e+03   2.4000000e+02
   3.2000000e+01   5.1260000e+03   2.4700000e+02
   3.2250000e+01   5.1210000e+03   2.4700000e+02
   3.2500000e+01   5.1390000e+03   2.4400000e+02
   3.2750000e+01   5.1560000e+03   2.4300000e+02
   3.3000000e+01   5.1660000e+03   2.3700000e+02
   3.3250000e+01   5.1770000e+03   2.3800000e+02
   3.3500000e+01   5.1870000e+03   2.3700000e+02
   3.3750000e+01   5.2040000e+03   2.3900000e+02
   3.4000000e+01   5.2230000e+03   2.3700000e+02
   3.4250000e+01   5.2370000e+03   2.3500000e+02
   3.4500000e+01   5.2680000e+03   2.3200000e+02
   3.4750000e+01   5.2510000e+03   2.3700000e+02
   3.5000000e+01   5.2190000e+03   2.3300000e+02
   3.5250000e+01   5.2180000e+03   2.2700000e+02
   3.5500000e+01   5.1820000e+03   2.2600000e+02
   3.5750000e+01   5.1480000e+03   2.3200000e+02
   3.6000000e+01   5.1260000e+03   2.3100000e+02
   3.6250000e+01   5.0950000e+03   2.3200000e+02
   3.6500000e+01   5.1000000e+03   2.2900000e+02
   3.6750000e+01   5.0670000e+03   2.3100000e+02
   3.7000000e+01   5.0240000e+03   2.3500000e+02
   3.7250000e+01   5.0170000e+03   2.3200000e+02
   3.7500000e+01   5.0050000e+03   2.3000000e+02
   3.7750000e+01   4.9850000e+03   2.3300000e+02
   3.8000000e+01   4.9510000e+03   2.3200000e+02
   3.8250000e+01   4.9410000e+03   2.3100000e+02
   3.8500000e+01   4.9210000e+03   2.3400000e+02
   3.8750000e+01   4.8790000e+03   2.3700000e+02
   3.9000000e+01   4.8760000e+03   2.3500000e+02
   3.9250000e+01   4.8580000e+03   2.3600000e+02
   3.9500000e+01   4.8290000e+03   2.3800000e+02
   3.9750000e+01   4.8030000e+03   2.3800000e+02
   4.0000000e+01   4.7900000e+03   2.3700000e+02
   4.0250000e+01   4.7710000e+03   2.3600000e+02
   4.0500000e+01   4.7560000e+03   2.3600000e+02
   4.0750000e+01   4.7480000e+03   2.3800000e+02
   4.1000000e+01   4.7130000e+03   2.3800000e+02
   4.1250000e+01   4.7040000e+03   2.3700000e+02
   4.1500000e+01   4.6810000e+03   2.4100000e+02
   4.1750000e+01   4.6630000e+03   2.4500000e+02
   4.2000000e+01   4.6630000e+03   2.3900000e+02
   4.2250000e+01   4.6400000e+03   2.4000000e+02
   4.2500000e+01   4.6250000e+03   2.4100000e+02
   4.2750000e+01   4.6020000e+03   2.3900000e+02
   4.3000000e+01   4.5850000e+03   2.4200000e+02
   4.3250000e+01   4.5750000e+03   2.4000000e+02
   4.3500000e+01   4.5570000e+03   2.4100000e+02
   4.3750000e+01   4.5390000e+03   2.4300000e+02
   4.4000000e+01   4.5340000e+03   2.4400000e+02
   4.4250000e+01   4.5130000e+03   2.4100000e+02
   4.4500000e+01   4.4870000e+03   2.4300000e+02
   4.4750000e+01   4.4710000e+03   2.4400000e+02
   4.5000000e+01   4.4640000e+03   2.4400000e+02
   4.5250000e+01   4.4470000e+03   2.4300000e+02
   4.5500000e+01   4.4410000e+03   2.4600000e+02
   4.5750000e+01   4.4180000e+03   2.4600000e+02
   4.6000000e+01   4.4240000e+03   2.4400000e+02
   4.6250000e+01   4.3970000e+03   2.4700000e+02
   4.6500000e+01   4.3890000e+03   2.4500000e+02
   4.6750000e+01   4.3650000e+03   2.4700000e+02
   4.7000000e+01   4.3580000e+03   2.4900000e+02
   4.7250000e+01   4.3300000e+03   2.4900000e+02
   4.7500000e+01   4.3200000e+03   2.4900000e+02
   4.7750000e+01   4.3110000e+03   2.4900000e+02
   4.8000000e+01   4.3130000e+03   2.4800000e+02
   4.8250000e+01   4.2980000e+03   2.4900000e+02
   4.8500000e+01   4.2740000e+03   2.5000000e+02
   4.8750000e+01   4.2760000e+03   2.4800000e+02
   4.9000000e+01   4.2560000e+03   2.4900000e+02
   4.9250000e+01   4.2300000e+03   2.5000000e+02
   4.9500000e+01   4.2310000e+03   2.4900000e+02
   4.9750000e+01   4.2220000e+03   2.5000000e+02
   5.0000000e+01   4.2230000e+03   2.5100000e+02
   5.0250000e+01   4.1950000e+03   2.5100000e+02
   5.0500000e+01   4.1890000e+03   2.5000000e+02
   5.0750000e+01   4.1690000e+03   2.5200000e+02
   5.1000000e+01   4.1610000e+03   2.5300000e+02
   5.1250000e+01   4.1500000e+03   2.5200000e+02
   5.1500000e+01   4.1560000e+03   2.5100000e+02
   5.1750000e+01   4.1330000e+03   2.5100000e+02
   5.2000000e+01   4.1250000e+03   2.5400000e+02
   5.2250000e+01   4.1260000e+03   2.5400000e+02
   5.2500000e+01   4.1130000e+03   2.5100000e+02
   5.2750000e+01   4.0870000e+03   2.5300000e+02
   5.3000000e+01   4.0880000e+03   2.5300000e+02
   5.3250000e+01   4.0600000e+03   2.5500000e+02
   5.3500000e+01   4.0620000e+03   2.5500000e+02
   5.3750000e+01   4.0650000e+03   2.5300000e+02
   5.4000000e+01   4.0600000e+03   2.5300000e+02
   5.4250000e+01   4.0440000e+03   2.5600000e+02
   5.4500000e+01   4.0300000e+03   2.5500000e+02
   5.4750000e+01   4.0100000e+03   2.6100000e+02
   5.5000000e+01   3.9960000e+03   2.5400000e+02
   5.5250000e+01   3.9930000e+03   2.5600000e+02
   5.5500000e+01   3.9770000e+03   2.5700000e+02
   5.5750000e+01   3.9860000e+03   2.5400000e+02
   5.6000000e+01   3.9810000e+03   2.5400000e+02
   5.6250000e+01   3.9540000e+03   2.5800000e+02
   5.6500000e+01   3.9630000e+03   2.5600000e+02
   5.6750000e+01   3.9570000e+03   2.5600000e+02
   5.7000000e+01   3.9390000e+03   2.5700000e+02
   5.7250000e+01   3.9220000e+03   2.5900000e+02
   5.7500000e+01   3.9170000e+03   2.5500000e+02
   5.7750000e+01   3.9170000e+03   2.5200000e+02
   5.8000000e+01   0.0000000e+00   6.0000000e+00
   5.8250000e+01   0.0000000e+00   6.0000000e+00
   5.8500000e+01   6.4600000e+02   1.5200000e+02
   5.8750000e+01   6.5400000e+02   2.2500000e+02
   5.9000000e+01   6.4900000e+02   2.3600000e+02
   5.9250000e+01   6.6300000e+02   2.6200000e+02
   5.9500000e+01   6.5400000e+02   3.7500000e+02
   5.9750000e+01   6.4600000e+02   5.6800000e+02
   6.0000000e+01   6.4600000e+02   2.8800000e+02
   6.0250000e+01   6.4600000e+02   2.5400000e+02
   6.0500000e+01   6.4800000e+02   2.2900000e+02
   6.0750000e+01   6.4700000e+02   2.0200000e+02
   6.1000000e+01   6.5300000e+02   1.2400000e+02
   6.1250000e+01   0.0000000e+00   6.0000000e+00
   6.1500000e+01   3.8060000e+03   2.5100000e+02
   6.1750000e+01   3.8110000e+03   2.5500000e+02
   6.2000000e+01   3.7950000e+03   2.5900000e+02
   6.2250000e+01   3.7900000e+03   2.6000000e+02
   6.2500000e+01   3.7960000e+03   2.6000000e+02
   6.2750000e+01   3.7750000e+03   2.6300000e+02
   6.3000000e+01   3.7800000e+03   2.6300000e+02
   6.3250000e+01   3.7750000e+03   2.6100000e+02
   6.3500000e+01   3.7740000e+03   2.6200000e+02
   6.3750000e+01   3.7620000e+03   2.6300000e+02
   6.4000000e+01   3.7500000e+03   2.6400000e+02
   6.4250000e+01   3.7480000e+03   2.6600000e+02
   6.4500000e+01   3.7470000e+03   2.6200000e+02
   6.4750000e+01   3.7470000e+03   2.6200000e+02
   6.5000000e+01   3.7370000e+03   2.6200000e+02
   6.5250000e+01   3.7350000e+03   2.6300000e+02
   6.5500000e+01   3.7190000e+03   2.6400000e+02
   6.5750000e+01   3.7090000e+03   2.6400000e+02
   6.6000000e+01   3.7150000e+03   2.6300000e+02
   6.6250000e+01   3.7080000e+03   2.6400000e+02
   6.6500000e+01   3.7180000e+03   2.6200000e+02
   6.6750000e+01   3.6980000e+03   2.6400000e+02
   6.7000000e+01   3.7060000e+03   2.6200000e+02
   6.7250000e+01   3.6970000e+03   2.6400000e+02
   6.7500000e+01   3.6820000e+03   2.6300000e+02
   6.7750000e+01   3.6950000e+03   2.6200000e+02
   6.8000000e+01   3.6840000e+03   2.6400000e+02
   6.8250000e+01   3.6790000e+03   2.6700000e+02
   6.8500000e+01   3.6730000e+03   2.6500000e+02
   6.8750000e+01   3.6830000e+03   2.6200000e+02
   6.9000000e+01   3.6710000e+03   2.6500000e+02
   6.9250000e+01   3.6680000e+03   2.6400000e+02
   6.9500000e+01   3.6620000e+03   2.6500000e+02
   6.9750000e+01   3.6700000e+03   2.6300000e+02
   7.0000000e+01   3.6650000e+03   2.6400000e+02
   7.0250000e+01   3.6460000e+03   2.6700000e+02
   7.0500000e+01   3.6480000e+03   2.6300000e+02
   7.0750000e+01   3.6470000e+03   2.6600000e+02
   7.1000000e+01   3.6410000e+03   2.6600000e+02
   7.1250000e+01   3.6410000e+03   2.6700000e+02
   7.1500000e+01   3.6400000e+03   2.6600000e+02
   7.1750000e+01   3.6400000e+03   2.6600000e+02
   7.2000000e+01   3.6200000e+03   2.6700000e+02
   7.2250000e+01   3.6270000e+03   2.6700000e+02
   7.2500000e+01   3.6260000e+03   2.6500000e+02
   7.2750000e+01   3.6300000e+03   2.6400000e+02
   7.3000000e+01   3.6110000e+03   2.6700000e+02
   7.3250000e+01   3.6070000e+03   2.6600000e+02
   7.3500000e+01   3.6210000e+03   2.6700000e+02
   7.3750000e+01   3.6180000e+03   2.6600000e+02
   7.4000000e+01   3.6120000e+03   2.6700000e+02
   7.4250000e+01   3.6120000e+03   2.6800000e+02
   7.4500000e+01   3.6160000e+03   2.6600000e+02
   7.4750000e+01   3.6040000e+03   2.7200000e+02
   7.5000000e+01   3.5930000e+03   2.7200000e+02
   7.5250000e+01   3.6010000e+03   2.7200000e+02
   7.5500000e+01   3.6050000e+03   2.6800000e+02
   7.5750000e+01   3.5960000e+03   2.6900000e+02
   7.6000000e+01   3.6020000e+03   2.7100000e+02
   7.6250000e+01   3.5810000e+03   2.7300000e+02
   7.6500000e+01   3.5900000e+03   2.7300000e+02
   7.6750000e+01   3.5960000e+03   2.7100000e+02
   7.7000000e+01   3.5870000e+03   2.7300000e+02
   7.7250000e+01   3.5870000e+03   2.7500000e+02
   7.7500000e+01   3.5850000e+03   2.7600000e+02
   7.7750000e+01   3.5940000e+03   2.7700000e+02
   7.8000000e+01   3.5750000e+03   2.8100000e+02
   7.8250000e+01   3.5830000e+03   2.8100000e+02
   7.8500000e+01   3.6060000e+03   2.8200000e+02
   7.8750000e+01   3.5720000e+03   2.8800000e+02
   7.9000000e+01   3.5820000e+03   2.8900000e+02
   7.9250000e+01   3.5850000e+03   2.8800000e+02
   7.9500000e+01   3.5830000e+03   2.9300000e+02
   7.9750000e+01   3.5940000e+03   2.9700000e+02
   8.0000000e+01   3.5880000e+03   3.0300000e+02
   8.0250000e+01   3.5800000e+03   3.1800000e+02
   8.0500000e+01   3.5930000e+03   3.2800000e+02
   8.0750000e+01   3.5640000e+03   3.3100000e+02
   8.1000000e+01   3.5730000e+03   3.4400000e+02
   8.1250000e+01   3.5760000e+03   3.5600000e+02
   8.1500000e+01   3.5880000e+03   3.6600000e+02
   8.1750000e+01   3.5870000e+03   3.6700000e+02
   8.2000000e+01   3.5840000e+03   3.6900000e+02
   8.2250000e+01   3.5770000e+03   3.7100000e+02
   8.2500000e+01   3.5830000e+03   3.6000000e+02
   8.2750000e+01   3.6120000e+03   3.4400000e+02
   8.3000000e+01   3.5630000e+03   3.3700000e+02
   8.3250000e+01   3.5760000e+03   3.2400000e+02
   8.3500000e+01   3.5860000e+03   3.1200000e+02
   8.3750000e+01   3.5990000e+03   3.0100000e+02
   8.4000000e+01   3.5700000e+03   2.9800000e+02
   8.4250000e+01   3.5740000e+03   2.9200000e+02
   8.4500000e+01   3.5940000e+03   2.8500000e+02
   8.4750000e+01   3.5840000e+03   2.8500000e+02
   8.5000000e+01   3.5790000e+03   2.8200000e+02
   8.5250000e+01   3.5930000e+03   2.7600000e+02
   8.5500000e+01   3.5830000e+03   2.7700000e+02
   8.5750000e+01   3.5920000e+03   2.7600000e+02
   8.6000000e+01   3.5820000e+03   2.7700000e+02
   8.6250000e+01   3.5840000e+03   2.7400000e+02
   8.6500000e+01   3.5840000e+03   2.7400000e+02
   8.6750000e+01   3.6030000e+03   2.7200000e+02
   8.7000000e+01   3.5870000e+03   2.7100000e+02
   8.7250000e+01   3.5870000e+03   2.7100000e+02
   8.7500000e+01   3.6020000e+03   2.6900000e+02
   8.7750000e+01   3.6040000e+03   2.6800000e+02
   8.8000000e+01   3.5960000e+03   2.6800000e+02
   8.8250000e+01   3.5980000e+03   2.6800000e+02
   8.8500000e+01   3.6110000e+03   2.6800000e+02
   8.8750000e+01   3.6040000e+03   2.6700000e+02
   8.9000000e+01   3.6170000e+03   2.6600000e+02
   8.9250000e+01   3.6130000e+03   2.6500000e+02
   8.9500000e+01   3.6070000e+03   2.6700000e+02
   8.9750000e+01   3.6100000e+03   2.6600000e+02
   9.0000000e+01   3.6230000e+03   2.6600000e+02
   9.0250000e+01   3.6200000e+03   2.6800000e+02
   9.0500000e+01   3.6260000e+03   2.6600000e+02
   9.0750000e+01   3.6410000e+03   2.6400000e+02
   9.1000000e+01   3.6420000e+03   2.6300000e+02
   9.1250000e+01   3.6410000e+03   2.6300000e+02
   9.1500000e+01   3.6210000e+03   2.6700000e+02
   9.1750000e+01   3.6220000e+03   2.6600000e+02
   9.2000000e+01   3.6550000e+03   2.6400000e+02
   9.2250000e+01   3.6440000e+03   2.6600000e+02
   9.2500000e+01   3.6480000e+03   2.6400000e+02
   9.2750000e+01   3.6470000e+03   2.6300000e+02
   9.3000000e+01   3.6540000e+03   2.6500000e+02
   9.3250000e+01   3.6570000e+03   2.6500000e+02
   9.3500000e+01   3.6640000e+03   2.6300000e+02
   9.3750000e+01   3.6580000e+03   2.6300000e+02
   9.4000000e+01   3.6620000e+03   2.6700000e+02
   9.4250000e+01   3.6740000e+03   2.6400000e+02
   9.4500000e+01   3.6840000e+03   2.6200000e+02
   9.4750000e+01   3.6780000e+03   2.6200000e+02
   9.5000000e+01   3.6890000e+03   2.6200000e+02
   9.5250000e+01   3.6850000e+03   2.6600000e+02
   9.5500000e+01   3.6840000e+03   2.6400000e+02
   9.5750000e+01   3.6900000e+03   2.6300000e+02
   9.6000000e+01   3.6950000e+03   2.6400000e+02
   9.6250000e+01   3.7090000e+03   2.6200000e+02
   9.6500000e+01   3.7090000e+03   2.6200000e+02
   9.6750000e+01   3.7010000e+03   2.6200000e+02
   9.7000000e+01   3.7120000e+03   2.6200000e+02
   9.7250000e+01   3.7190000e+03   2.6200000e+02
   9.7500000e+01   3.7180000e+03   2.6300000e+02
   9.7750000e+01   3.7330000e+03   2.6100000e+02
   9.8000000e+01   3.7300000e+03   2.6300000e+02
   9.8250000e+01   3.7250000e+03   2.6400000e+02
   9.8500000e+01   3.7380000e+03   2.6000000e+02
   9.8750000e+01   3.7350000e+03   2.5700000e+02
   9.9000000e+01   3.7330000e+03   2.5300000e+02
   9.9250000e+01   0.0000000e+00   6.0000000e+00
   9.9500000e+01   6.5300000e+02   1.2500000e+02
   9.9750000e+01   6.6100000e+02   2.0900000e+02
   1.0000000e+02   6.4600000e+02   2.3500000e+02
   1.0025000e+02   6.5300000e+02   2.5000000e+02
   1.0050000e+02   6.6700000e+02   2.7800000e+02
   1.0075000e+02   6.4700000e+02   6.7400000e+02
   1.0100000e+02   6.6100000e+02   5.4500000e+02
   1.0125000e+02   6.3600000e+02   2.7200000e+02
   1.0150000e+02   6.5600000e+02   2.4200000e+02
   1.0175000e+02   6.5900000e+02   2.2700000e+02
   1.0200000e+02   6.8200000e+02   1.8600000e+02
   1.0225000e+02   0.0000000e+00   6.0000000e+00
   1.0250000e+02   0.0000000e+00   6.0000000e+00
   1.0275000e+02   3.8320000e+03   2.5200000e+02
   1.0300000e+02   3.8320000e+03   2.5600000e+02
   1.0325000e+02   3.8570000e+03   2.5600000e+02
   1.0350000e+02   3.8720000e+03   2.5700000e+02
   1.0375000e+02   3.8750000e+03   2.5600000e+02
   1.0400000e+02   3.8650000e+03   2.5800000e+02
   1.0425000e+02   3.8720000e+03   2.5700000e+02
   1.0450000e+02   3.8960000e+03   2.5600000e+02
   1.0475000e+02   3.8980000e+03   2.5800000e+02
   1.0500000e+02   3.8890000e+03   2.5800000e+02
   1.0525000e+02   3.8880000e+03   2.6200000e+02
   1.0550000e+02   3.9130000e+03   2.5500000e+02
   1.0575000e+02   3.9270000e+03   2.5600000e+02
   1.0600000e+02   3.9220000e+03   2.5700000e+02
   1.0625000e+02   3.9420000e+03   2.5600000e+02
   1.0650000e+02   3.9620000e+03   2.5300000e+02
   1.0675000e+02   3.9560000e+03   2.5600000e+02
   1.0700000e+02   3.9540000e+03   2.5700000e+02
   1.0725000e+02   3.9630000e+03   2.5700000e+02
   1.0750000e+02   3.9710000e+03   2.5500000e+02
   1.0775000e+02   3.9750000e+03   2.5600000e+02
   1.0800000e+02   3.9850000e+03   2.5600000e+02
   1.0825000e+02   4.0160000e+03   2.5300000e+02
   1.0850000e+02   3.9970000e+03   2.5600000e+02
   1.0875000e+02   4.0150000e+03   2.5500000e+02
   1.0900000e+02   4.0340000e+03   2.5500000e+02
   1.0925000e+02   4.0280000e+03   2.5300000e+02
   1.0950000e+02   4.0440000e+03   2.5200000e+02
   1.0975000e+02   4.0380000e+03   2.5500000e+02
   1.1000000e+02   4.0560000e+03   2.5300000e+02
   1.1025000e+02   4.0880000e+03   2.5300000e+02
   1.1050000e+02   4.0930000e+03   2.5400000e+02
   1.1075000e+02   4.0930000e+03   2.5300000e+02
   1.1100000e+02   4.0980000e+03   2.5300000e+02
   1.1125000e+02   4.1160000e+03   2.5300000e+02
   1.1150000e+02   4.1340000e+03   2.5100000e+02
   1.1175000e+02   4.1310000e+03   2.5200000e+02
   1.1200000e+02   4.1430000e+03   2.5200000e+02
   1.1225000e+02   4.1710000e+03   2.5100000e+02
   1.1250000e+02   4.1790000e+03   2.5100000e+02
   1.1275000e+02   4.1730000e+03   2.5300000e+02
   1.1300000e+02   4.1880000e+03   2.5100000e+02
   1.1325000e+02   4.2070000e+03   2.5000000e+02
   1.1350000e+02   4.2160000e+03   2.5100000e+02
   1.1375000e+02   4.2180000e+03   2.5100000e+02
   1.1400000e+02   4.2350000e+03   2.5000000e+02
   1.1425000e+02   4.2510000e+03   2.4800000e+02
   1.1450000e+02   4.2590000e+03   2.5000000e+02
   1.1475000e+02   4.2840000e+03   2.4700000e+02
   1.1500000e+02   4.2700000e+03   2.4900000e+02
   1.1525000e+02   4.2910000e+03   2.5000000e+02
   1.1550000e+02   4.3060000e+03   2.4800000e+02
   1.1575000e+02   4.3230000e+03   2.4700000e+02
   1.1600000e+02   4.3400000e+03   2.4500000e+02
   1.1625000e+02   4.3630000e+03   2.4600000e+02
   1.1650000e+02   4.3580000e+03   2.4500000e+02
   1.1675000e+02   4.3680000e+03   2.4600000e+02
   1.1700000e+02   4.3830000e+03   2.4600000e+02
   1.1725000e+02   4.4030000e+03   2.4800000e+02
   1.1750000e+02   4.4230000e+03   2.4500000e+02
   1.1775000e+02   4.4300000e+03   2.4500000e+02
   1.1800000e+02   4.4410000e+03   2.4500000e+02
   1.1825000e+02   4.4680000e+03   2.4300000e+02
   1.1850000e+02   4.4770000e+03   2.4200000e+02
   1.1875000e+02   4.4740000e+03   2.4600000e+02
   1.1900000e+02   4.5060000e+03   2.4200000e+02
   1.1925000e+02   4.5040000e+03   2.4200000e+02
   1.1950000e+02   4.5300000e+03   2.4300000e+02
   1.1975000e+02   4.5340000e+03   2.4200000e+02
   1.2000000e+02   4.5590000e+03   2.4200000e+02
   1.2025000e+02   4.5790000e+03   2.4100000e+02
   1.2050000e+02   4.5930000e+03   2.4000000e+02
   1.2075000e+02   4.6100000e+03   2.4200000e+02
   1.2100000e+02   4.6360000e+03   2.3800000e+02
   1.2125000e+02   4.6450000e+03   2.3900000e+02
   1.2150000e+02   4.6570000e+03   2.4200000e+02
   1.2175000e+02   4.6700000e+03   2.4000000e+02
   1.2200000e+02   4.6830000e+03   2.3900000e+02
   1.2225000e+02   4.7080000e+03   2.3900000e+02
   1.2250000e+02   4.7250000e+03   2.4000000e+02
   1.2275000e+02   4.7560000e+03   2.3700000e+02
   1.2300000e+02   4.7640000e+03   2.3700000e+02
   1.2325000e+02   4.7870000e+03   2.3700000e+02
   1.2350000e+02   4.7970000e+03   2.3700000e+02
   1.2375000e+02   4.8240000e+03   2.3600000e+02
   1.2400000e+02   4.8350000e+03   2.3600000e+02
   1.2425000e+02   4.8610000e+03   2.3400000e+02
   1.2450000e+02   4.8960000e+03   2.3300000e+02
   1.2475000e+02   4.8870000e+03   2.3600000e+02
   1.2500000e+02   4.9110000e+03   2.3300000e+02
   1.2525000e+02   4.9420000e+03   2.3300000e+02
   1.2550000e+02   4.9570000e+03   2.3400000e+02
   1.2575000e+02   4.9720000e+03   2.3600000e+02
   1.2600000e+02   4.9900000e+03   2.3300000e+02
   1.2625000e+02   4.9550000e+03   2.1100000e+02
   1.2650000e+02   4.9330000e+03   1.9800000e+02
   1.2675000e+02   5.0250000e+03   2.2300000e+02
   1.2700000e+02   4.9090000e+03   2.4400000e+02
   1.2725000e+02   0.0000000e+00   6.0000000e+00
   1.2750000e+02   1.3000000e+03   1.6200000e+02
   1.2775000e+02   1.2970000e+03   2.1300000e+02
   1.2800000e+02   1.3040000e+03   2.4700000e+02
   1.2825000e+02   1.2920000e+03   2.7700000e+02
   1.2850000e+02   1.2810000e+03   7.0600000e+02
   1.2875000e+02   1.2780000e+03   1.1130000e+03
   1.2900000e+02   1.3050000e+03   1.5940000e+03
   1.2925000e+02   1.2790000e+03   2.0240000e+03
   1.2950000e+02   1.2860000e+03   2.0210000e+03
   1.2975000e+02   1.2890000e+03   1.9000000e+03
   1.3000000e+02   1.2770000e+03   1.2990000e+03
   1.3025000e+02   1.2870000e+03   1.0450000e+03
   1.3050000e+02   1.2930000e+03   8.6400000e+02
   1.3075000e+02   1.3020000e+03   2.9500000e+02
   1.3100000e+02   1.2930000e+03   2.3700000e+02
   1.3125000e+02   1.2890000e+03   2.0100000e+02
   1.3150000e+02   1.2980000e+03   1.3800000e+02
   1.3175000e+02   0.0000000e+00   6.0000000e+00
   1.3200000e+02   4.7500000e+03   2.2900000e+02
   1.3225000e+02   4.7650000e+03   2.2700000e+02
   1.3250000e+02   4.8080000e+03   2.2800000e+02
   1.3275000e+02   4.8260000e+03   2.3200000e+02
   1.3300000e+02   4.8680000e+03   2.3100000e+02
   1.3325000e+02   4.9220000e+03   2.3900000e+02
   1.3350000e+02   4.9890000e+03   2.4500000e+02
   1.3375000e+02   5.1330000e+03   2.4100000e+02
   1.3400000e+02   5.1030000e+03   2.4000000e+02
   1.3425000e+02   5.0770000e+03   2.3700000e+02
   1.3450000e+02   5.0620000e+03   2.3600000e+02
   1.3475000e+02   5.0540000e+03   2.3300000e+02
   1.3500000e+02   5.0760000e+03   2.2400000e+02
   1.3525000e+02   5.0720000e+03   2.2600000e+02
   1.3550000e+02   5.1060000e+03   2.2700000e+02
   1.3575000e+02   5.1290000e+03   2.2200000e+02
   1.3600000e+02   5.1550000e+03   2.2200000e+02
   1.3625000e+02   5.1780000e+03   2.2200000e+02
   1.3650000e+02   5.2120000e+03   2.2000000e+02
   1.3675000e+02   5.2230000e+03   2.1900000e+02
   1.3700000e+02   5.2810000e+03   2.2000000e+02
   1.3725000e+02   5.3240000e+03   2.2300000e+02
   1.3750000e+02   5.3840000e+03   2.2400000e+02
   1.3775000e+02   5.4600000e+03   2.2900000e+02
   1.3800000e+02   5.6020000e+03   2.1500000e+02
   1.3825000e+02   5.5830000e+03   2.1300000e+02
   1.3850000e+02   5.5750000e+03   1.9000000e+02
   1.3875000e+02   5.5540000e+03   1.9800000e+02
   1.3900000e+02   5.5340000e+03   2.1700000e+02
   1.3925000e+02   5.5250000e+03   2.2700000e+02
   1.3950000e+02   5.5660000e+03   1.9600000e+02
   1.3975000e+02   5.5890000e+03   1.9200000e+02
   1.4000000e+02   5.6450000e+03   1.9100000e+02
   1.4025000e+02   5.6840000e+03   1.8900000e+02
   1.4050000e+02   5.7570000e+03   1.8800000e+02
   1.4075000e+02   5.8010000e+03   1.8200000e+02
   1.4100000e+02   5.8470000e+03   1.7100000e+02
   1.4125000e+02   5.8980000e+03   1.3000000e+02
   1.4150000e+02   7.0330000e+03   3.2000000e+01
   1.4175000e+02   0.0000000e+00   0.0000000e+00
   1.4200000e+02   7.1760000e+03   3.4000000e+01
   1.4225000e+02   0.0000000e+00   0.0000000e+00
   1.4250000e+02   7.2570000e+03   3.2000000e+01
   1.4275000e+02   0.0000000e+00   0.0000000e+00
   1.4300000e+02   7.2470000e+03   1.0200000e+02
   1.4325000e+02   7.1630000e+03   1.5200000e+02
   1.4350000e+02   7.1930000e+03   1.5100000e+02
   1.4375000e+02   7.1920000e+03   6.7000000e+01
   1.4400000e+02   7.7090000e+03   1.7000000e+02
   1.4425000e+02   7.4580000e+03   2.2400000e+02
   1.4450000e+02   7.4800000e+03   1.8000000e+02
   1.4475000e+02   7.4780000e+03   1.8500000e+02
   1.4500000e+02   7.4570000e+03   1.9200000e+02
   1.4525000e+02   7.4270000e+03   1.9900000e+02
   1.4550000e+02   7.4200000e+03   2.0500000e+02
   1.4575000e+02   7.3820000e+03   1.9900000e+02
   1.4600000e+02   7.3770000e+03   1.9400000e+02
   1.4625000e+02   7.3410000e+03   1.9100000e+02
   1.4650000e+02   7.3070000e+03   1.8600000e+02
   1.4675000e+02   7.2830000e+03   1.5800000e+02
   1.4700000e+02   7.2760000e+03   1.9100000e+02
   1.4725000e+02   7.2780000e+03   1.9800000e+02
   1.4750000e+02   7.3420000e+03   1.5500000e+02
   1.4775000e+02   7.4160000e+03   1.5400000e+02
   1.4800000e+02   7.4590000e+03   1.5300000e+02
   1.4825000e+02   7.5480000e+03   1.4900000e+02
   1.4850000e+02   7.6050000e+03   1.3400000e+02
   1.4875000e+02   9.1990000e+03   1.2500000e+02
   1.4900000e+02   9.2840000e+03   1.3200000e+02
   1.4925000e+02   9.3820000e+03   1.4600000e+02
   1.4950000e+02   9.4600000e+03   1.3300000e+02
   1.4975000e+02   9.5890000e+03   1.2400000e+02
   1.5000000e+02   9.6880000e+03   1.2300000e+02
   1.5025000e+02   9.8000000e+03   1.2300000e+02
   1.5050000e+02   9.9050000e+03   1.1100000e+02
   1.5075000e+02   1.0033000e+04   1.1300000e+02
   1.5100000e+02   1.0141000e+04   1.0900000e+02
   1.5125000e+02   1.0240000e+04   1.0800000e+02
   1.5150000e+02   1.0382000e+04   1.0300000e+02
   1.5175000e+02   1.0489000e+04   1.0000000e+02
   1.5200000e+02   1.0622000e+04   1.0300000e+02
   1.5225000e+02   1.0742000e+04   9.7000000e+01
   1.5250000e+02   1.0875000e+04   1.0100000e+02
   1.5275000e+02   1.1046000e+04   8.7000000e+01
   1.5300000e+02   1.1163000e+04   1.0600000e+02
   1.5325000e+02   1.1313000e+04   8.8000000e+01
   1.5350000e+02   1.1485000e+04   8.2000000e+01
   1.5375000e+02   1.1647000e+04   7.9000000e+01
   1.5400000e+02   1.1777000e+04   6.8000000e+01
   1.5425000e+02   1.1927000e+04   7.4000000e+01
   1.5450000e+02   1.2131000e+04   7.4000000e+01
   1.5475000e+02   1.2294000e+04   7.5000000e+01
   1.5500000e+02   1.2472000e+04   6.0000000e+01
   1.5525000e+02   1.2650000e+04   5.6000000e+01
   1.5550000e+02   1.2846000e+04   4.7000000e+01
   1.5575000e+02   1.3030000e+04   5.7000000e+01
   1.5600000e+02   1.3233000e+04   3.8000000e+01
   1.5625000e+02   1.3390000e+04   4.6000000e+01
   1.5650000e+02   1.3631000e+04   3.2000000e+01
   1.5675000e+02   1.3866000e+04   3.2000000e+01
   1.5700000e+02   0.0000000e+00   0.0000000e+00
   1.5725000e+02   1.4375000e+04   8.0000000e+01
   1.5750000e+02   0.0000000e+00   0.0000000e+00
   1.5775000e+02   0.0000000e+00   0.0000000e+00
   1.5800000e+02   0.0000000e+00   0.0000000e+00
   1.5825000e+02   0.0000000e+00   0.0000000e+00
   1.5850000e+02   0.0000000e+00   0.0000000e+00
   1.5875000e+02   0.0000000e+00   0.0000000e+00
   1.5900000e+02   0.0000000e+00   0.0000000e+00
   1.5925000e+02   0.0000000e+00   0.0000000e+00
   1.5950000e+02   0.0000000e+00   0.0000000e+00
   1.5975000e+02   0.0000000e+00   0.0000000e+00
   1.6000000e+02   0.0000000e+00   0.0000000e+00
   1.6025000e+02   0.0000000e+00   0.0000000e+00
   1.6050000e+02   0.0000000e+00   0.0000000e+00
   1.6075000e+02   0.0000000e+00   0.0000000e+00
   1.6100000e+02   0.0000000e+00   0.0000000e+00
   1.6125000e+02   0.0000000e+00   0.0000000e+00
   1.6150000e+02   0.0000000e+00   0.0000000e+00
   1.6175000e+02   0.0000000e+00   0.0000000e+00
   1.6200000e+02   0.0000000e+00   0.0000000e+00
   1.6225000e+02   0.0000000e+00   0.0000000e+00
   1.6250000e+02   0.0000000e+00   0.0000000e+00
   1.6275000e+02   0.0000000e+00   0.0000000e+00
   1.6300000e+02   0.0000000e+00   6.0000000e+00
   1.6325000e+02   1.0830000e+03   1.9600000e+02
   1.6350000e+02   1.0820000e+03   2.4000000e+02
   1.6375000e+02   1.0610000e+03   3.4300000e+02
   1.6400000e+02   1.0500000e+03   6.7600000e+02
   1.6425000e+02   1.0470000e+03   2.4800000e+02
   1.6450000e+02   1.0600000e+03   2.1000000e+02
   1.6475000e+02   0.0000000e+00   6.0000000e+00
   1.6500000e+02   0.0000000e+00   6.0000000e+00
   1.6525000e+02   0.0000000e+00   6.0000000e+00
   1.6550000e+02   0.0000000e+00   6.0000000e+00
   1.6575000e+02   1.5300000e+03   2.2500000e+02
   1.6600000e+02   1.5110000e+03   3.7800000e+02
   1.6625000e+02   1.5060000e+03   3.0100000e+02
   1.6650000e+02   1.5300000e+03   2.1700000e+02
   1.6675000e+02   0.0000000e+00   6.0000000e+00
   1.6700000e+02   8.5890000e+03   1.0100000e+02
   1.6725000e+02   9.1900000e+03   1.4800000e+02
   1.6750000e+02   9.1750000e+03   9.3000000e+01
   1.6775000e+02   2.6690000e+03   2.7300000e+02
   1.6800000e+02   2.3200000e+03   2.7900000e+02
   1.6825000e+02   2.0680000e+03   1.5800000e+02
   1.6850000e+02   2.0540000e+03   1.6600000e+02
   1.6875000e+02   2.0630000e+03   1.6200000e+02
   1.6900000e+02   2.3310000e+03   2.9000000e+02
   1.6925000e+02   2.3640000e+03   3.0200000e+02
   1.6950000e+02   2.1450000e+03   2.6100000e+02
   1.6975000e+02   2.0700000e+03   2.2500000e+02
   1.7000000e+02   2.0760000e+03   2.4100000e+02
   1.7025000e+02   1.8920000e+03   3.1400000e+02
   1.7050000e+02   1.7690000e+03   2.8000000e+02
   1.7075000e+02   1.6560000e+03   2.4800000e+02
   1.7100000e+02   1.1400000e+03   2.8700000e+02
   1.7125000e+02   1.0340000e+03   2.9200000e+02
   1.7150000e+02   8.4000000e+02   3.0800000e+02
   1.7175000e+02   8.3700000e+02   2.9200000e+02
   1.7200000e+02   1.0580000e+03   3.5000000e+02
   1.7225000e+02   1.5860000e+03   2.9100000e+02
   1.7250000e+02   1.5960000e+03   2.9300000e+02
   1.7275000e+02   1.6060000e+03   2.9300000e+02
   1.7300000e+02   1.6130000e+03   2.8500000e+02
   1.7325000e+02   1.6370000e+03   2.7700000e+02
   1.7350000e+02   1.6410000e+03   2.8400000e+02
   1.7375000e+02   1.6430000e+03   2.8600000e+02
   1.7400000e+02   1.6400000e+03   2.8600000e+02
   1.7425000e+02   1.6360000e+03   2.8500000e+02
   1.7450000e+02   1.6530000e+03   2.8000000e+02
   1.7475000e+02   1.6600000e+03   2.7800000e+02
   1.7500000e+02   1.6730000e+03   2.7300000e+02
   1.7525000e+02   1.6970000e+03   2.6900000e+02
   1.7550000e+02   1.7920000e+03   2.7300000e+02
   1.7575000e+02   2.0560000e+03   2.6800000e+02
   1.7600000e+02   2.0660000e+03   2.7100000e+02
   1.7625000e+02   2.0720000e+03   2.7700000e+02
   1.7650000e+02   2.0620000e+03   2.8700000e+02
   1.7675000e+02   2.0050000e+03   2.9000000e+02
   1.7700000e+02   1.7420000e+03   2.7200000e+02
   1.7725000e+02   1.6910000e+03   2.6900000e+02
   1.7750000e+02   1.6710000e+03   2.8700000e+02
   1.7775000e+02   1.6460000e+03   2.9000000e+02
   1.7800000e+02   1.6420000e+03   2.9300000e+02
   1.7825000e+02   1.6320000e+03   2.9600000e+02
   1.7850000e+02   1.6240000e+03   3.0100000e+02
   1.7875000e+02   1.6300000e+03   3.0600000e+02
   1.7900000e+02   1.6080000e+03   3.0800000e+02
   1.7925000e+02   1.6080000e+03   3.0300000e+02
   1.7950000e+02   1.6210000e+03   3.0000000e+02
   1.7975000e+02   1.6220000e+03   3.0300000e+02
