  -1.8000000e+02   1.6020000e+03   3.1300000e+02
  -1.7975000e+02   1.6000000e+03   3.0700000e+02
  -1.7950000e+02   1.6130000e+03   2.8500000e+02
  -1.7925000e+02   1.6140000e+03   2.8900000e+02
  -1.7900000e+02   1.6230000e+03   2.9800000e+02
  -1.7875000e+02   1.6040000e+03   2.9100000e+02
  -1.7850000e+02   1.6260000e+03   2.7300000e+02
  -1.7825000e+02   1.6590000e+03   2.9100000e+02
  -1.7800000e+02   1.7750000e+03   3.0500000e+02
  -1.7775000e+02   2.0950000e+03   3.0100000e+02
  -1.7750000e+02   2.0700000e+03   2.6300000e+02
  -1.7725000e+02   2.0580000e+03   2.2800000e+02
  -1.7700000e+02   2.0670000e+03   2.3000000e+02
  -1.7675000e+02   2.2570000e+03   3.1200000e+02
  -1.7650000e+02   2.2140000e+03   2.7500000e+02
  -1.7625000e+02   2.0620000e+03   1.8500000e+02
  -1.7600000e+02   2.0630000e+03   1.9600000e+02
  -1.7575000e+02   2.0730000e+03   1.7200000e+02
  -1.7550000e+02   2.5100000e+03   2.9000000e+02
  -1.7525000e+02   2.7270000e+03   2.7900000e+02
  -1.7500000e+02   2.7370000e+03   2.8000000e+02
  -1.7475000e+02   2.7480000e+03   2.7900000e+02
  -1.7450000e+02   2.7450000e+03   2.7900000e+02
  -1.7425000e+02   2.7580000e+03   2.8000000e+02
  -1.7400000e+02   2.7520000e+03   2.7900000e+02
  -1.7375000e+02   2.7600000e+03   2.7800000e+02
  -1.7350000e+02   2.7630000e+03   2.7900000e+02
  -1.7325000e+02   2.7580000e+03   2.8100000e+02
  -1.7300000e+02   2.7500000e+03   2.8300000e+02
  -1.7275000e+02   2.7700000e+03   2.8000000e+02
  -1.7250000e+02   2.7740000e+03   2.7900000e+02
  -1.7225000e+02   2.7850000e+03   2.7800000e+02
  -1.7200000e+02   2.7830000e+03   2.7700000e+02
  -1.7175000e+02   2.7760000e+03   2.8200000e+02
  -1.7150000e+02   2.8010000e+03   2.7900000e+02
  -1.7125000e+02   2.7880000e+03   2.8000000e+02
  -1.7100000e+02   2.7950000e+03   2.8000000e+02
  -1.7075000e+02   2.7970000e+03   2.7900000e+02
  -1.7050000e+02   2.7910000e+03   2.7900000e+02
  -1.7025000e+02   2.7960000e+03   2.7700000e+02
  -1.7000000e+02   2.7960000e+03   2.7700000e+02
  -1.6975000e+02   2.7960000e+03   2.7600000e+02
  -1.6950000e+02   2.8150000e+03   2.7400000e+02
  -1.6925000e+02   2.8020000e+03   2.7500000e+02
  -1.6900000e+02   2.8110000e+03   2.7400000e+02
  -1.6875000e+02   2.7940000e+03   2.7600000e+02
  -1.6850000e+02   2.8080000e+03   2.7500000e+02
  -1.6825000e+02   2.8170000e+03   2.7400000e+02
  -1.6800000e+02   0.0000000e+00   6.0000000e+00
  -1.6775000e+02   1.6110000e+03   2.2200000e+02
  -1.6750000e+02   1.6290000e+03   8.1100000e+02
  -1.6725000e+02   1.6350000e+03   2.4200000e+02
  -1.6700000e+02   1.9190000e+03   3.5000000e+02
  -1.6675000e+02   2.8510000e+03   2.7300000e+02
  -1.6650000e+02   2.8560000e+03   2.7400000e+02
  -1.6625000e+02   2.8510000e+03   2.7500000e+02
  -1.6600000e+02   2.8770000e+03   2.7500000e+02
  -1.6575000e+02   2.8720000e+03   2.7900000e+02
  -1.6550000e+02   2.8870000e+03   2.7800000e+02
  -1.6525000e+02   2.8870000e+03   2.7700000e+02
  -1.6500000e+02   2.8920000e+03   2.7900000e+02
  -1.6475000e+02   2.8950000e+03   2.7600000e+02
  -1.6450000e+02   2.8950000e+03   2.7800000e+02
  -1.6425000e+02   2.9090000e+03   2.7400000e+02
  -1.6400000e+02   2.9120000e+03   2.7100000e+02
  -1.6375000e+02   2.9260000e+03   2.6000000e+02
  -1.6350000e+02   3.0070000e+03   2.7600000e+02
  -1.6325000e+02   3.0060000e+03   2.8100000e+02
  -1.6300000e+02   3.0180000e+03   2.7400000e+02
  -1.6275000e+02   3.0280000e+03   2.7600000e+02
  -1.6250000e+02   3.0200000e+03   2.7800000e+02
  -1.6225000e+02   3.0450000e+03   2.7700000e+02
  -1.6200000e+02   3.0430000e+03   2.7700000e+02
  -1.6175000e+02   3.0550000e+03   2.7400000e+02
  -1.6150000e+02   3.0570000e+03   2.7500000e+02
  -1.6125000e+02   3.0570000e+03   2.7500000e+02
  -1.6100000e+02   3.0590000e+03   2.7700000e+02
  -1.6075000e+02   3.0700000e+03   2.7600000e+02
  -1.6050000e+02   3.0670000e+03   2.7500000e+02
  -1.6025000e+02   0.0000000e+00   6.0000000e+00
  -1.6000000e+02   1.2250000e+03   1.6600000e+02
  -1.5975000e+02   1.2010000e+03   2.2600000e+02
  -1.5950000e+02   1.1820000e+03   3.8000000e+02
  -1.5925000e+02   1.1940000e+03   6.7300000e+02
  -1.5900000e+02   1.1970000e+03   2.3600000e+02
  -1.5875000e+02   1.2180000e+03   1.7900000e+02
  -1.5850000e+02   0.0000000e+00   6.0000000e+00
  -1.5825000e+02   3.1160000e+03   2.6400000e+02
  -1.5800000e+02   3.1350000e+03   2.6700000e+02
  -1.5775000e+02   3.1440000e+03   2.6500000e+02
  -1.5750000e+02   3.1470000e+03   2.6600000e+02
  -1.5725000e+02   3.1520000e+03   2.6700000e+02
  -1.5700000e+02   3.1560000e+03   2.6500000e+02
  -1.5675000e+02   3.1760000e+03   2.6700000e+02
  -1.5650000e+02   3.2080000e+03   2.6500000e+02
  -1.5625000e+02   3.1950000e+03   2.7500000e+02
  -1.5600000e+02   3.2020000e+03   2.7400000e+02
  -1.5575000e+02   3.2030000e+03   2.6800000e+02
  -1.5550000e+02   3.2140000e+03   2.6600000e+02
  -1.5525000e+02   3.2320000e+03   2.6300000e+02
  -1.5500000e+02   3.2280000e+03   2.6600000e+02
  -1.5475000e+02   3.2460000e+03   2.6600000e+02
  -1.5450000e+02   3.2460000e+03   2.7200000e+02
  -1.5425000e+02   3.2620000e+03   2.7000000e+02
  -1.5400000e+02   3.2710000e+03   2.6800000e+02
  -1.5375000e+02   3.2720000e+03   2.6700000e+02
  -1.5350000e+02   3.2930000e+03   2.6500000e+02
  -1.5325000e+02   3.3040000e+03   2.6500000e+02
  -1.5300000e+02   3.3010000e+03   2.6200000e+02
  -1.5275000e+02   3.3220000e+03   2.6100000e+02
  -1.5250000e+02   3.3250000e+03   2.6800000e+02
  -1.5225000e+02   3.3370000e+03   2.6200000e+02
  -1.5200000e+02   3.3490000e+03   2.6000000e+02
  -1.5175000e+02   3.3600000e+03   2.6100000e+02
  -1.5150000e+02   3.3660000e+03   2.6000000e+02
  -1.5125000e+02   3.3840000e+03   2.5900000e+02
  -1.5100000e+02   3.4150000e+03   2.5900000e+02
  -1.5075000e+02   3.4300000e+03   2.5900000e+02
  -1.5050000e+02   3.4400000e+03   2.5900000e+02
  -1.5025000e+02   3.4470000e+03   2.6400000e+02
  -1.5000000e+02   3.4690000e+03   2.6300000e+02
  -1.4975000e+02   3.4730000e+03   2.6400000e+02
  -1.4950000e+02   3.4830000e+03   2.6200000e+02
  -1.4925000e+02   3.4810000e+03   2.6100000e+02
  -1.4900000e+02   3.5090000e+03   2.6100000e+02
  -1.4875000e+02   3.5200000e+03   2.6100000e+02
  -1.4850000e+02   3.5200000e+03   2.7100000e+02
  -1.4825000e+02   3.5430000e+03   2.6800000e+02
  -1.4800000e+02   3.5120000e+03   2.6900000e+02
  -1.4775000e+02   3.5260000e+03   2.5800000e+02
  -1.4750000e+02   3.5610000e+03   2.5600000e+02
  -1.4725000e+02   3.5650000e+03   2.5500000e+02
  -1.4700000e+02   3.5720000e+03   2.5300000e+02
  -1.4675000e+02   3.7170000e+03   2.5100000e+02
  -1.4650000e+02   3.7720000e+03   2.5100000e+02
  -1.4625000e+02   3.7850000e+03   2.5000000e+02
  -1.4600000e+02   3.7920000e+03   2.5100000e+02
  -1.4575000e+02   3.8170000e+03   2.5100000e+02
  -1.4550000e+02   3.8130000e+03   2.5400000e+02
  -1.4525000e+02   3.8430000e+03   2.5300000e+02
  -1.4500000e+02   3.8450000e+03   2.5400000e+02
  -1.4475000e+02   3.8520000e+03   2.5500000e+02
  -1.4450000e+02   3.8710000e+03   2.5100000e+02
  -1.4425000e+02   3.8740000e+03   2.5200000e+02
  -1.4400000e+02   3.8970000e+03   2.5000000e+02
  -1.4375000e+02   3.9300000e+03   2.4600000e+02
  -1.4350000e+02   3.9510000e+03   2.5000000e+02
  -1.4325000e+02   3.9650000e+03   2.4800000e+02
  -1.4300000e+02   3.9780000e+03   2.4700000e+02
  -1.4275000e+02   4.0140000e+03   2.5000000e+02
  -1.4250000e+02   4.0690000e+03   2.4700000e+02
  -1.4225000e+02   4.0590000e+03   2.5300000e+02
  -1.4200000e+02   4.0520000e+03   2.5300000e+02
  -1.4175000e+02   4.0380000e+03   2.5100000e+02
  -1.4150000e+02   4.0040000e+03   2.5000000e+02
  -1.4125000e+02   3.9820000e+03   2.4900000e+02
  -1.4100000e+02   3.9670000e+03   2.5000000e+02
  -1.4075000e+02   3.9610000e+03   2.4800000e+02
  -1.4050000e+02   3.9440000e+03   2.5100000e+02
  -1.4025000e+02   3.9210000e+03   2.5100000e+02
  -1.4000000e+02   3.9070000e+03   2.5100000e+02
  -1.3975000e+02   3.9060000e+03   2.5600000e+02
  -1.3950000e+02   3.8980000e+03   2.4800000e+02
  -1.3925000e+02   3.8670000e+03   2.5100000e+02
  -1.3900000e+02   3.8580000e+03   2.5100000e+02
  -1.3875000e+02   3.8390000e+03   2.5300000e+02
  -1.3850000e+02   3.8130000e+03   2.5500000e+02
  -1.3825000e+02   3.8070000e+03   2.5500000e+02
  -1.3800000e+02   3.7910000e+03   2.5400000e+02
  -1.3775000e+02   3.7880000e+03   2.5300000e+02
  -1.3750000e+02   3.7580000e+03   2.5500000e+02
  -1.3725000e+02   3.7580000e+03   2.5600000e+02
  -1.3700000e+02   3.7400000e+03   2.5400000e+02
  -1.3675000e+02   3.7390000e+03   2.5400000e+02
  -1.3650000e+02   3.7140000e+03   2.5600000e+02
  -1.3625000e+02   3.6960000e+03   2.5400000e+02
  -1.3600000e+02   3.6950000e+03   2.5500000e+02
  -1.3575000e+02   3.6800000e+03   2.5600000e+02
  -1.3550000e+02   3.6620000e+03   2.5700000e+02
  -1.3525000e+02   3.6460000e+03   2.5800000e+02
  -1.3500000e+02   3.6400000e+03   2.5800000e+02
  -1.3475000e+02   3.6320000e+03   2.5700000e+02
  -1.3450000e+02   3.6150000e+03   2.5600000e+02
  -1.3425000e+02   3.6110000e+03   2.5800000e+02
  -1.3400000e+02   3.5900000e+03   2.6000000e+02
  -1.3375000e+02   3.5880000e+03   2.5600000e+02
  -1.3350000e+02   3.5710000e+03   2.6000000e+02
  -1.3325000e+02   3.5690000e+03   2.5800000e+02
  -1.3300000e+02   3.5500000e+03   2.5800000e+02
  -1.3275000e+02   3.5620000e+03   2.5700000e+02
  -1.3250000e+02   3.5270000e+03   2.5900000e+02
  -1.3225000e+02   3.5070000e+03   2.6400000e+02
  -1.3200000e+02   3.4910000e+03   2.6200000e+02
  -1.3175000e+02   3.4960000e+03   2.6000000e+02
  -1.3150000e+02   3.4850000e+03   2.6100000e+02
  -1.3125000e+02   3.4810000e+03   2.6000000e+02
  -1.3100000e+02   3.4710000e+03   2.6100000e+02
  -1.3075000e+02   3.4490000e+03   2.6200000e+02
  -1.3050000e+02   3.4430000e+03   2.6200000e+02
  -1.3025000e+02   3.4380000e+03   2.6300000e+02
  -1.3000000e+02   3.4360000e+03   2.6200000e+02
  -1.2975000e+02   3.4280000e+03   2.6100000e+02
  -1.2950000e+02   3.4130000e+03   2.6100000e+02
  -1.2925000e+02   3.3930000e+03   2.6400000e+02
  -1.2900000e+02   3.3840000e+03   2.6400000e+02
  -1.2875000e+02   3.3770000e+03   2.6600000e+02
  -1.2850000e+02   3.3890000e+03   2.6200000e+02
  -1.2825000e+02   0.0000000e+00   6.0000000e+00
  -1.2800000e+02   1.5330000e+03   1.3900000e+02
  -1.2775000e+02   1.6840000e+03   4.6600000e+02
  -1.2750000e+02   1.6210000e+03   4.8300000e+02
  -1.2725000e+02   1.5820000e+03   4.8200000e+02
  -1.2700000e+02   1.5270000e+03   8.6300000e+02
  -1.2675000e+02   1.5190000e+03   1.0740000e+03
  -1.2650000e+02   1.5060000e+03   1.6540000e+03
  -1.2625000e+02   1.5130000e+03   1.9390000e+03
  -1.2600000e+02   1.5200000e+03   1.9180000e+03
  -1.2575000e+02   1.5190000e+03   1.6800000e+03
  -1.2550000e+02   1.5240000e+03   1.1850000e+03
  -1.2525000e+02   1.5370000e+03   7.8600000e+02
  -1.2500000e+02   1.5460000e+03   4.5800000e+02
  -1.2475000e+02   1.6070000e+03   4.7800000e+02
  -1.2450000e+02   1.6420000e+03   4.6700000e+02
  -1.2425000e+02   1.5290000e+03   1.5600000e+02
  -1.2400000e+02   0.0000000e+00   6.0000000e+00
  -1.2375000e+02   0.0000000e+00   6.0000000e+00
  -1.2350000e+02   3.2310000e+03   2.6600000e+02
  -1.2325000e+02   3.2260000e+03   2.6700000e+02
  -1.2300000e+02   3.2180000e+03   2.6700000e+02
  -1.2275000e+02   3.1940000e+03   2.6800000e+02
  -1.2250000e+02   3.1990000e+03   2.7000000e+02
  -1.2225000e+02   3.1810000e+03   2.7100000e+02
  -1.2200000e+02   3.1910000e+03   2.7000000e+02
  -1.2175000e+02   3.1820000e+03   2.7000000e+02
  -1.2150000e+02   3.1740000e+03   2.7300000e+02
  -1.2125000e+02   3.1760000e+03   2.6900000e+02
  -1.2100000e+02   3.1540000e+03   2.6900000e+02
  -1.2075000e+02   3.1600000e+03   2.7000000e+02
  -1.2050000e+02   3.1400000e+03   2.7100000e+02
  -1.2025000e+02   3.1330000e+03   2.7100000e+02
  -1.2000000e+02   3.1460000e+03   2.6900000e+02
  -1.1975000e+02   3.1390000e+03   2.7000000e+02
  -1.1950000e+02   3.1310000e+03   2.7100000e+02
  -1.1925000e+02   3.1210000e+03   2.7200000e+02
  -1.1900000e+02   3.1140000e+03   2.7300000e+02
  -1.1875000e+02   3.1190000e+03   2.7100000e+02
  -1.1850000e+02   3.1090000e+03   2.7300000e+02
  -1.1825000e+02   3.1190000e+03   2.7200000e+02
  -1.1800000e+02   3.0820000e+03   2.7400000e+02
  -1.1775000e+02   3.0800000e+03   2.7300000e+02
  -1.1750000e+02   3.0900000e+03   2.7300000e+02
  -1.1725000e+02   3.0850000e+03   2.7300000e+02
  -1.1700000e+02   3.0700000e+03   2.7400000e+02
  -1.1675000e+02   3.0700000e+03   2.7300000e+02
  -1.1650000e+02   3.0670000e+03   2.7300000e+02
  -1.1625000e+02   3.0580000e+03   2.7300000e+02
  -1.1600000e+02   3.0720000e+03   2.7300000e+02
  -1.1575000e+02   3.0560000e+03   2.7400000e+02
  -1.1550000e+02   3.0550000e+03   2.7200000e+02
  -1.1525000e+02   3.0430000e+03   2.7400000e+02
  -1.1500000e+02   3.0370000e+03   2.7300000e+02
  -1.1475000e+02   3.0310000e+03   2.7500000e+02
  -1.1450000e+02   3.0250000e+03   2.7500000e+02
  -1.1425000e+02   3.0210000e+03   2.7500000e+02
  -1.1400000e+02   3.0420000e+03   2.7300000e+02
  -1.1375000e+02   3.0250000e+03   2.7400000e+02
  -1.1350000e+02   3.0140000e+03   2.7600000e+02
  -1.1325000e+02   3.0300000e+03   2.7300000e+02
  -1.1300000e+02   3.0180000e+03   2.7300000e+02
  -1.1275000e+02   3.0170000e+03   2.7500000e+02
  -1.1250000e+02   3.0090000e+03   2.7500000e+02
  -1.1225000e+02   3.0100000e+03   2.7300000e+02
  -1.1200000e+02   2.9860000e+03   2.7700000e+02
  -1.1175000e+02   3.0080000e+03   2.7500000e+02
  -1.1150000e+02   2.9820000e+03   2.7700000e+02
  -1.1125000e+02   2.9910000e+03   2.7500000e+02
  -1.1100000e+02   2.9930000e+03   2.7400000e+02
  -1.1075000e+02   2.9830000e+03   2.7500000e+02
  -1.1050000e+02   2.9900000e+03   2.7600000e+02
  -1.1025000e+02   2.9790000e+03   2.7600000e+02
  -1.1000000e+02   2.9740000e+03   2.7700000e+02
  -1.0975000e+02   2.9770000e+03   2.7800000e+02
  -1.0950000e+02   2.9710000e+03   2.7600000e+02
  -1.0925000e+02   2.9810000e+03   2.7500000e+02
  -1.0900000e+02   2.9540000e+03   2.7900000e+02
  -1.0875000e+02   2.9560000e+03   2.7600000e+02
  -1.0850000e+02   2.9680000e+03   2.7700000e+02
  -1.0825000e+02   2.9550000e+03   2.7700000e+02
  -1.0800000e+02   2.9480000e+03   2.7800000e+02
  -1.0775000e+02   2.9610000e+03   2.7500000e+02
  -1.0750000e+02   2.9530000e+03   2.7800000e+02
  -1.0725000e+02   2.9400000e+03   2.7700000e+02
  -1.0700000e+02   2.9480000e+03   2.7800000e+02
  -1.0675000e+02   2.9440000e+03   2.7800000e+02
  -1.0650000e+02   2.9560000e+03   2.7600000e+02
  -1.0625000e+02   2.9490000e+03   2.7800000e+02
  -1.0600000e+02   2.9400000e+03   2.7900000e+02
  -1.0575000e+02   2.9490000e+03   2.7800000e+02
  -1.0550000e+02   2.9320000e+03   2.8000000e+02
  -1.0525000e+02   2.9370000e+03   2.7900000e+02
  -1.0500000e+02   2.9420000e+03   2.7900000e+02
  -1.0475000e+02   2.9390000e+03   2.8000000e+02
  -1.0450000e+02   2.9430000e+03   2.8000000e+02
  -1.0425000e+02   2.9170000e+03   2.8400000e+02
  -1.0400000e+02   2.9210000e+03   2.8200000e+02
  -1.0375000e+02   2.9450000e+03   2.8200000e+02
  -1.0350000e+02   2.9330000e+03   2.8300000e+02
  -1.0325000e+02   2.9370000e+03   2.8300000e+02
  -1.0300000e+02   2.9290000e+03   2.8500000e+02
  -1.0275000e+02   2.9290000e+03   2.8600000e+02
  -1.0250000e+02   2.9160000e+03   2.8900000e+02
  -1.0225000e+02   2.9220000e+03   2.9000000e+02
  -1.0200000e+02   2.9200000e+03   2.9200000e+02
  -1.0175000e+02   2.9310000e+03   2.9600000e+02
  -1.0150000e+02   2.9290000e+03   3.0100000e+02
  -1.0125000e+02   2.9300000e+03   3.1000000e+02
  -1.0100000e+02   2.9270000e+03   3.2600000e+02
  -1.0075000e+02   2.9140000e+03   3.4400000e+02
  -1.0050000e+02   2.9130000e+03   3.6200000e+02
  -1.0025000e+02   2.9350000e+03   3.8000000e+02
  -1.0000000e+02   2.9220000e+03   3.9400000e+02
  -9.9750000e+01   2.9280000e+03   4.0600000e+02
  -9.9500000e+01   2.9210000e+03   4.2400000e+02
  -9.9250000e+01   2.9060000e+03   4.3300000e+02
  -9.9000000e+01   2.9160000e+03   4.4300000e+02
  -9.8750000e+01   2.9190000e+03   4.5200000e+02
  -9.8500000e+01   2.9100000e+03   4.6300000e+02
  -9.8250000e+01   2.9130000e+03   4.6700000e+02
  -9.8000000e+01   2.9200000e+03   4.5800000e+02
  -9.7750000e+01   2.8960000e+03   4.3800000e+02
  -9.7500000e+01   2.9050000e+03   4.1700000e+02
  -9.7250000e+01   2.9270000e+03   4.0100000e+02
  -9.7000000e+01   2.9150000e+03   3.9200000e+02
  -9.6750000e+01   2.9180000e+03   3.7400000e+02
  -9.6500000e+01   2.9170000e+03   3.6100000e+02
  -9.6250000e+01   2.9320000e+03   3.4700000e+02
  -9.6000000e+01   2.9140000e+03   3.3100000e+02
  -9.5750000e+01   2.9310000e+03   3.1600000e+02
  -9.5500000e+01   2.9150000e+03   3.0700000e+02
  -9.5250000e+01   2.9260000e+03   3.0000000e+02
  -9.5000000e+01   2.9220000e+03   2.9400000e+02
  -9.4750000e+01   2.9190000e+03   2.9400000e+02
  -9.4500000e+01   2.9250000e+03   2.8700000e+02
  -9.4250000e+01   2.9230000e+03   2.8800000e+02
  -9.4000000e+01   2.9220000e+03   2.8800000e+02
  -9.3750000e+01   2.9290000e+03   2.8700000e+02
  -9.3500000e+01   2.9320000e+03   2.8600000e+02
  -9.3250000e+01   2.9340000e+03   2.8400000e+02
  -9.3000000e+01   2.9240000e+03   2.8300000e+02
  -9.2750000e+01   2.9300000e+03   2.8400000e+02
  -9.2500000e+01   2.9300000e+03   2.8200000e+02
  -9.2250000e+01   2.9290000e+03   2.8100000e+02
  -9.2000000e+01   2.9380000e+03   2.8000000e+02
  -9.1750000e+01   2.9310000e+03   2.8200000e+02
  -9.1500000e+01   2.9420000e+03   2.8300000e+02
  -9.1250000e+01   2.9500000e+03   2.8000000e+02
  -9.1000000e+01   2.9340000e+03   2.8000000e+02
  -9.0750000e+01   2.9370000e+03   2.8000000e+02
  -9.0500000e+01   2.9420000e+03   2.7800000e+02
  -9.0250000e+01   2.9470000e+03   2.8100000e+02
  -9.0000000e+01   2.9400000e+03   2.8000000e+02
  -8.9750000e+01   2.9510000e+03   2.7600000e+02
  -8.9500000e+01   2.9560000e+03   2.7700000e+02
  -8.9250000e+01   2.9480000e+03   2.7600000e+02
  -8.9000000e+01   2.9740000e+03   2.7400000e+02
  -8.8750000e+01   2.9470000e+03   2.7700000e+02
  -8.8500000e+01   2.9510000e+03   2.7800000e+02
  -8.8250000e+01   2.9660000e+03   2.7600000e+02
  -8.8000000e+01   2.9630000e+03   2.7500000e+02
  -8.7750000e+01   2.9680000e+03   2.7600000e+02
  -8.7500000e+01   2.9660000e+03   2.7800000e+02
  -8.7250000e+01   2.9830000e+03   2.7400000e+02
  -8.7000000e+01   2.9720000e+03   2.7700000e+02
  -8.6750000e+01   2.9750000e+03   2.7700000e+02
  -8.6500000e+01   2.9760000e+03   2.7700000e+02
  -8.6250000e+01   2.9880000e+03   2.7500000e+02
  -8.6000000e+01   2.9800000e+03   2.7700000e+02
  -8.5750000e+01   2.9830000e+03   2.7700000e+02
  -8.5500000e+01   2.9930000e+03   2.7400000e+02
  -8.5250000e+01   3.0080000e+03   2.7400000e+02
  -8.5000000e+01   2.9880000e+03   2.7600000e+02
  -8.4750000e+01   2.9880000e+03   2.7800000e+02
  -8.4500000e+01   2.9950000e+03   2.7400000e+02
  -8.4250000e+01   3.0110000e+03   2.7500000e+02
  -8.4000000e+01   2.9940000e+03   2.7600000e+02
  -8.3750000e+01   3.0080000e+03   2.7500000e+02
  -8.3500000e+01   3.0130000e+03   2.7400000e+02
  -8.3250000e+01   3.0100000e+03   2.7400000e+02
  -8.3000000e+01   3.0140000e+03   2.7600000e+02
  -8.2750000e+01   3.0310000e+03   2.7400000e+02
  -8.2500000e+01   3.0320000e+03   2.7300000e+02
  -8.2250000e+01   3.0410000e+03   2.7300000e+02
  -8.2000000e+01   3.0330000e+03   2.7500000e+02
  -8.1750000e+01   3.0390000e+03   2.7300000e+02
  -8.1500000e+01   3.0370000e+03   2.7500000e+02
  -8.1250000e+01   3.0520000e+03   2.7200000e+02
  -8.1000000e+01   3.0550000e+03   2.7300000e+02
  -8.0750000e+01   3.0600000e+03   2.7400000e+02
  -8.0500000e+01   3.0600000e+03   2.7400000e+02
  -8.0250000e+01   3.0550000e+03   2.7500000e+02
  -8.0000000e+01   3.0740000e+03   2.7200000e+02
  -7.9750000e+01   3.0870000e+03   2.7300000e+02
  -7.9500000e+01   3.0850000e+03   2.7200000e+02
  -7.9250000e+01   3.0920000e+03   2.7300000e+02
  -7.9000000e+01   3.0840000e+03   2.7300000e+02
  -7.8750000e+01   3.0910000e+03   2.7300000e+02
  -7.8500000e+01   3.0830000e+03   2.7500000e+02
  -7.8250000e+01   3.1030000e+03   2.7200000e+02
  -7.8000000e+01   3.1160000e+03   2.7100000e+02
  -7.7750000e+01   3.1050000e+03   2.7300000e+02
  -7.7500000e+01   3.1170000e+03   2.7100000e+02
  -7.7250000e+01   3.1140000e+03   2.7100000e+02
  -7.7000000e+01   3.1290000e+03   2.6900000e+02
  -7.6750000e+01   3.1180000e+03   2.7200000e+02
  -7.6500000e+01   3.1430000e+03   2.7100000e+02
  -7.6250000e+01   3.1530000e+03   2.6800000e+02
  -7.6000000e+01   3.1390000e+03   2.7300000e+02
  -7.5750000e+01   3.1470000e+03   2.7300000e+02
  -7.5500000e+01   3.1690000e+03   2.6800000e+02
  -7.5250000e+01   3.1640000e+03   2.7000000e+02
  -7.5000000e+01   3.1730000e+03   2.7000000e+02
  -7.4750000e+01   3.1750000e+03   2.7100000e+02
  -7.4500000e+01   3.1890000e+03   2.6900000e+02
  -7.4250000e+01   3.1930000e+03   2.6900000e+02
  -7.4000000e+01   3.2000000e+03   2.7000000e+02
  -7.3750000e+01   3.1790000e+03   2.7100000e+02
  -7.3500000e+01   3.2010000e+03   2.6800000e+02
  -7.3250000e+01   3.2250000e+03   2.6800000e+02
  -7.3000000e+01   3.2260000e+03   2.6900000e+02
  -7.2750000e+01   3.2310000e+03   2.6700000e+02
  -7.2500000e+01   3.2430000e+03   2.6600000e+02
  -7.2250000e+01   3.2430000e+03   2.6900000e+02
  -7.2000000e+01   3.2570000e+03   2.6500000e+02
  -7.1750000e+01   3.2650000e+03   2.6400000e+02
  -7.1500000e+01   0.0000000e+00   6.0000000e+00
  -7.1250000e+01   1.5730000e+03   1.3500000e+02
  -7.1000000e+01   1.7200000e+03   4.6000000e+02
  -7.0750000e+01   1.6590000e+03   4.7400000e+02
  -7.0500000e+01   1.6070000e+03   4.8400000e+02
  -7.0250000e+01   1.5620000e+03   4.4800000e+02
  -7.0000000e+01   1.5640000e+03   9.2900000e+02
  -6.9750000e+01   1.5360000e+03   1.3530000e+03
  -6.9500000e+01   1.5570000e+03   1.9390000e+03
  -6.9250000e+01   1.5500000e+03   1.9960000e+03
  -6.9000000e+01   1.5590000e+03   1.8990000e+03
  -6.8750000e+01   1.5640000e+03   1.2860000e+03
  -6.8500000e+01   1.5470000e+03   9.7000000e+02
  -6.8250000e+01   1.5800000e+03   4.6400000e+02
  -6.8000000e+01   1.6260000e+03   4.8500000e+02
  -6.7750000e+01   1.6660000e+03   4.7600000e+02
  -6.7500000e+01   1.5640000e+03   1.7500000e+02
  -6.7250000e+01   1.5780000e+03   1.0900000e+02
  -6.7000000e+01   0.0000000e+00   6.0000000e+00
  -6.6750000e+01   3.4120000e+03   2.6600000e+02
  -6.6500000e+01   3.4230000e+03   2.6100000e+02
  -6.6250000e+01   3.4330000e+03   2.6000000e+02
  -6.6000000e+01   3.4520000e+03   2.6200000e+02
  -6.5750000e+01   3.4590000e+03   2.6100000e+02
  -6.5500000e+01   3.4620000e+03   2.6100000e+02
  -6.5250000e+01   3.4690000e+03   2.6000000e+02
  -6.5000000e+01   3.4770000e+03   2.6100000e+02
  -6.4750000e+01   3.4990000e+03   2.5900000e+02
  -6.4500000e+01   3.4990000e+03   2.6100000e+02
  -6.4250000e+01   3.5240000e+03   2.5800000e+02
  -6.4000000e+01   3.5360000e+03   2.5900000e+02
  -6.3750000e+01   3.5180000e+03   2.6200000e+02
  -6.3500000e+01   3.5470000e+03   2.5800000e+02
  -6.3250000e+01   3.5660000e+03   2.5700000e+02
  -6.3000000e+01   3.5760000e+03   2.5900000e+02
  -6.2750000e+01   3.5800000e+03   2.5800000e+02
  -6.2500000e+01   3.5830000e+03   2.5900000e+02
  -6.2250000e+01   3.5980000e+03   2.5900000e+02
  -6.2000000e+01   3.6240000e+03   2.5700000e+02
  -6.1750000e+01   3.6210000e+03   2.5800000e+02
  -6.1500000e+01   3.6330000e+03   2.5700000e+02
  -6.1250000e+01   3.6450000e+03   2.5700000e+02
  -6.1000000e+01   3.6710000e+03   2.5700000e+02
  -6.0750000e+01   3.6840000e+03   2.5400000e+02
  -6.0500000e+01   3.6760000e+03   2.5600000e+02
  -6.0250000e+01   3.6950000e+03   2.5600000e+02
  -6.0000000e+01   3.7070000e+03   2.5700000e+02
  -5.9750000e+01   3.7120000e+03   2.5500000e+02
  -5.9500000e+01   3.7410000e+03   2.5500000e+02
  -5.9250000e+01   3.7560000e+03   2.5400000e+02
  -5.9000000e+01   3.7670000e+03   2.5300000e+02
  -5.8750000e+01   3.7630000e+03   2.5500000e+02
  -5.8500000e+01   3.7980000e+03   2.5400000e+02
  -5.8250000e+01   3.8050000e+03   2.5300000e+02
  -5.8000000e+01   3.8310000e+03   2.5100000e+02
  -5.7750000e+01   3.8410000e+03   2.4900000e+02
  -5.7500000e+01   3.8420000e+03   2.5200000e+02
  -5.7250000e+01   3.8730000e+03   2.5100000e+02
  -5.7000000e+01   3.8610000e+03   2.5400000e+02
  -5.6750000e+01   3.8940000e+03   2.4800000e+02
  -5.6500000e+01   3.9230000e+03   2.4800000e+02
  -5.6250000e+01   3.9140000e+03   2.5200000e+02
  -5.6000000e+01   3.9490000e+03   2.4800000e+02
  -5.5750000e+01   3.9530000e+03   2.4900000e+02
  -5.5500000e+01   3.9720000e+03   2.5000000e+02
  -5.5250000e+01   3.9840000e+03   2.4900000e+02
  -5.5000000e+01   4.0040000e+03   2.4800000e+02
  -5.4750000e+01   4.0260000e+03   2.4600000e+02
  -5.4500000e+01   4.0340000e+03   2.4800000e+02
  -5.4250000e+01   4.0630000e+03   2.4600000e+02
  -5.4000000e+01   4.0730000e+03   2.4700000e+02
  -5.3750000e+01   4.0880000e+03   2.4600000e+02
  -5.3500000e+01   4.1060000e+03   2.4600000e+02
  -5.3250000e+01   4.1310000e+03   2.4400000e+02
  -5.3000000e+01   4.1510000e+03   2.4100000e+02
  -5.2750000e+01   4.1730000e+03   2.4800000e+02
  -5.2500000e+01   4.1820000e+03   2.4400000e+02
  -5.2250000e+01   4.2030000e+03   2.4200000e+02
  -5.2000000e+01   4.2270000e+03   2.4100000e+02
  -5.1750000e+01   4.2390000e+03   2.4200000e+02
  -5.1500000e+01   4.2710000e+03   2.4100000e+02
  -5.1250000e+01   4.2740000e+03   2.4200000e+02
  -5.1000000e+01   4.3130000e+03   2.4000000e+02
  -5.0750000e+01   4.3250000e+03   2.4000000e+02
  -5.0500000e+01   4.3510000e+03   2.3800000e+02
  -5.0250000e+01   4.3710000e+03   2.4300000e+02
  -5.0000000e+01   4.3900000e+03   2.4500000e+02
  -4.9750000e+01   4.4160000e+03   2.4700000e+02
  -4.9500000e+01   4.3990000e+03   2.4800000e+02
  -4.9250000e+01   4.3780000e+03   2.4300000e+02
  -4.9000000e+01   4.3560000e+03   2.4400000e+02
  -4.8750000e+01   4.3310000e+03   2.4800000e+02
  -4.8500000e+01   4.3220000e+03   2.5300000e+02
  -4.8250000e+01   4.3130000e+03   2.4900000e+02
  -4.8000000e+01   4.3140000e+03   2.5300000e+02
  -4.7750000e+01   4.2940000e+03   2.4700000e+02
  -4.7500000e+01   4.2830000e+03   2.4700000e+02
  -4.7250000e+01   4.2630000e+03   2.4700000e+02
  -4.7000000e+01   4.2590000e+03   2.4500000e+02
  -4.6750000e+01   4.2530000e+03   2.4500000e+02
  -4.6500000e+01   4.2260000e+03   2.4300000e+02
  -4.6250000e+01   4.1880000e+03   2.5200000e+02
  -4.6000000e+01   4.1960000e+03   2.5400000e+02
  -4.5750000e+01   4.1820000e+03   2.5300000e+02
  -4.5500000e+01   4.1770000e+03   2.5600000e+02
  -4.5250000e+01   4.1880000e+03   2.5400000e+02
  -4.5000000e+01   4.1650000e+03   2.4700000e+02
  -4.4750000e+01   4.1490000e+03   2.4900000e+02
  -4.4500000e+01   4.1430000e+03   2.5100000e+02
  -4.4250000e+01   4.1220000e+03   2.5100000e+02
  -4.4000000e+01   4.1080000e+03   2.5000000e+02
  -4.3750000e+01   4.1070000e+03   2.5000000e+02
  -4.3500000e+01   4.0930000e+03   2.5200000e+02
  -4.3250000e+01   4.0800000e+03   2.5300000e+02
  -4.3000000e+01   4.0750000e+03   2.5000000e+02
  -4.2750000e+01   4.0460000e+03   2.5200000e+02
  -4.2500000e+01   4.0330000e+03   2.5200000e+02
  -4.2250000e+01   4.0380000e+03   2.5200000e+02
  -4.2000000e+01   4.0170000e+03   2.5400000e+02
  -4.1750000e+01   3.9980000e+03   2.5300000e+02
  -4.1500000e+01   3.9950000e+03   2.5200000e+02
  -4.1250000e+01   3.9910000e+03   2.5300000e+02
  -4.1000000e+01   3.9760000e+03   2.5500000e+02
  -4.0750000e+01   3.9670000e+03   2.5300000e+02
  -4.0500000e+01   3.9590000e+03   2.5200000e+02
  -4.0250000e+01   3.9310000e+03   2.5500000e+02
  -4.0000000e+01   3.9420000e+03   2.5400000e+02
  -3.9750000e+01   3.9360000e+03   2.5500000e+02
  -3.9500000e+01   3.9140000e+03   2.5900000e+02
  -3.9250000e+01   3.8930000e+03   2.5800000e+02
  -3.9000000e+01   3.9100000e+03   2.5300000e+02
  -3.8750000e+01   3.8660000e+03   2.5800000e+02
  -3.8500000e+01   3.8800000e+03   2.5400000e+02
  -3.8250000e+01   3.8570000e+03   2.5700000e+02
  -3.8000000e+01   3.8470000e+03   2.5900000e+02
  -3.7750000e+01   3.8380000e+03   2.6000000e+02
  -3.7500000e+01   3.8250000e+03   2.5800000e+02
  -3.7250000e+01   3.8180000e+03   2.5700000e+02
  -3.7000000e+01   3.8100000e+03   2.5600000e+02
  -3.6750000e+01   3.8050000e+03   2.5400000e+02
  -3.6500000e+01   3.7870000e+03   2.5300000e+02
  -3.6250000e+01   3.7790000e+03   2.5200000e+02
  -3.6000000e+01   3.7690000e+03   2.5200000e+02
  -3.5750000e+01   3.7540000e+03   2.5500000e+02
  -3.5500000e+01   3.7240000e+03   2.5600000e+02
  -3.5250000e+01   3.7260000e+03   2.5600000e+02
  -3.5000000e+01   3.7120000e+03   2.5700000e+02
  -3.4750000e+01   3.6960000e+03   2.6100000e+02
  -3.4500000e+01   3.6920000e+03   2.6400000e+02
  -3.4250000e+01   3.6660000e+03   2.6700000e+02
  -3.4000000e+01   3.6700000e+03   2.6600000e+02
  -3.3750000e+01   3.6930000e+03   2.6300000e+02
  -3.3500000e+01   3.6810000e+03   2.6400000e+02
  -3.3250000e+01   3.6630000e+03   2.6500000e+02
  -3.3000000e+01   3.6750000e+03   2.6100000e+02
  -3.2750000e+01   3.6520000e+03   2.6000000e+02
  -3.2500000e+01   3.6590000e+03   2.6300000e+02
  -3.2250000e+01   3.6930000e+03   2.6400000e+02
  -3.2000000e+01   3.6750000e+03   2.6100000e+02
  -3.1750000e+01   3.6600000e+03   2.7000000e+02
  -3.1500000e+01   3.6780000e+03   2.6600000e+02
  -3.1250000e+01   3.6620000e+03   2.6800000e+02
  -3.1000000e+01   3.6370000e+03   2.7000000e+02
  -3.0750000e+01   3.6460000e+03   2.6800000e+02
  -3.0500000e+01   3.6500000e+03   2.6700000e+02
  -3.0250000e+01   3.6340000e+03   2.7000000e+02
  -3.0000000e+01   3.6310000e+03   2.6700000e+02
  -2.9750000e+01   3.6210000e+03   2.6400000e+02
  -2.9500000e+01   3.6100000e+03   2.6800000e+02
  -2.9250000e+01   3.6260000e+03   2.6600000e+02
  -2.9000000e+01   3.6100000e+03   2.6700000e+02
  -2.8750000e+01   3.5920000e+03   2.6900000e+02
  -2.8500000e+01   3.6060000e+03   2.6500000e+02
  -2.8250000e+01   3.5910000e+03   2.6700000e+02
  -2.8000000e+01   3.5740000e+03   2.6800000e+02
  -2.7750000e+01   3.5770000e+03   2.6700000e+02
  -2.7500000e+01   3.5920000e+03   2.6600000e+02
  -2.7250000e+01   3.5730000e+03   2.6700000e+02
  -2.7000000e+01   3.5830000e+03   2.6700000e+02
  -2.6750000e+01   3.5820000e+03   2.6700000e+02
  -2.6500000e+01   3.5700000e+03   2.6900000e+02
  -2.6250000e+01   3.5750000e+03   2.6700000e+02
  -2.6000000e+01   3.5620000e+03   2.6900000e+02
  -2.5750000e+01   3.5520000e+03   2.7000000e+02
  -2.5500000e+01   3.5560000e+03   2.6800000e+02
  -2.5250000e+01   3.5590000e+03   2.6900000e+02
  -2.5000000e+01   3.5410000e+03   2.7000000e+02
  -2.4750000e+01   3.5440000e+03   2.7000000e+02
  -2.4500000e+01   3.5390000e+03   2.6900000e+02
  -2.4250000e+01   3.5180000e+03   2.7100000e+02
  -2.4000000e+01   3.5300000e+03   2.6900000e+02
  -2.3750000e+01   3.5240000e+03   2.6800000e+02
  -2.3500000e+01   3.5140000e+03   2.7200000e+02
  -2.3250000e+01   3.5200000e+03   2.7000000e+02
  -2.3000000e+01   3.5050000e+03   2.6800000e+02
  -2.2750000e+01   3.5120000e+03   2.6900000e+02
  -2.2500000e+01   3.5010000e+03   2.7000000e+02
  -2.2250000e+01   3.4880000e+03   2.7000000e+02
  -2.2000000e+01   3.5040000e+03   2.6800000e+02
  -2.1750000e+01   3.4950000e+03   2.6800000e+02
  -2.1500000e+01   3.4730000e+03   2.6900000e+02
  -2.1250000e+01   3.4940000e+03   2.6800000e+02
  -2.1000000e+01   3.4820000e+03   2.6800000e+02
  -2.0750000e+01   3.4770000e+03   2.6900000e+02
  -2.0500000e+01   3.4840000e+03   2.6700000e+02
  -2.0250000e+01   3.4780000e+03   2.7000000e+02
  -2.0000000e+01   3.4720000e+03   2.6800000e+02
  -1.9750000e+01   3.4520000e+03   2.7100000e+02
  -1.9500000e+01   3.4710000e+03   2.6800000e+02
  -1.9250000e+01   3.4580000e+03   2.7000000e+02
  -1.9000000e+01   3.4530000e+03   2.7000000e+02
  -1.8750000e+01   3.4400000e+03   2.7100000e+02
  -1.8500000e+01   3.4400000e+03   2.6900000e+02
  -1.8250000e+01   3.4430000e+03   2.6700000e+02
  -1.8000000e+01   3.4470000e+03   2.7000000e+02
  -1.7750000e+01   3.4170000e+03   2.7100000e+02
  -1.7500000e+01   3.4400000e+03   2.6600000e+02
  -1.7250000e+01   3.4270000e+03   2.6800000e+02
  -1.7000000e+01   3.4270000e+03   2.6900000e+02
  -1.6750000e+01   3.4270000e+03   2.6800000e+02
  -1.6500000e+01   3.4330000e+03   2.6700000e+02
  -1.6250000e+01   3.4140000e+03   2.6800000e+02
  -1.6000000e+01   3.4350000e+03   2.6700000e+02
  -1.5750000e+01   3.4150000e+03   2.7000000e+02
  -1.5500000e+01   3.4340000e+03   2.6600000e+02
  -1.5250000e+01   3.4270000e+03   2.6800000e+02
  -1.5000000e+01   3.4320000e+03   2.6600000e+02
  -1.4750000e+01   3.4340000e+03   2.6100000e+02
  -1.4500000e+01   3.5410000e+03   2.6800000e+02
  -1.4250000e+01   3.5440000e+03   2.6900000e+02
  -1.4000000e+01   3.5450000e+03   2.6800000e+02
  -1.3750000e+01   3.5420000e+03   2.6500000e+02
  -1.3500000e+01   3.5300000e+03   2.6500000e+02
  -1.3250000e+01   3.5170000e+03   2.6700000e+02
  -1.3000000e+01   3.5220000e+03   2.6500000e+02
  -1.2750000e+01   3.5120000e+03   2.6700000e+02
  -1.2500000e+01   3.5160000e+03   2.6600000e+02
  -1.2250000e+01   3.5060000e+03   2.6700000e+02
  -1.2000000e+01   3.5010000e+03   2.6700000e+02
  -1.1750000e+01   3.4940000e+03   2.6700000e+02
  -1.1500000e+01   3.5000000e+03   2.6700000e+02
  -1.1250000e+01   3.4950000e+03   2.6600000e+02
  -1.1000000e+01   3.4960000e+03   2.6700000e+02
  -1.0750000e+01   3.5060000e+03   2.6500000e+02
  -1.0500000e+01   3.5010000e+03   2.6900000e+02
  -1.0250000e+01   3.5090000e+03   2.6600000e+02
  -1.0000000e+01   3.5080000e+03   2.6700000e+02
  -9.7500000e+00   3.4990000e+03   2.6900000e+02
  -9.5000000e+00   3.4960000e+03   2.6900000e+02
  -9.2500000e+00   3.5010000e+03   2.6800000e+02
  -9.0000000e+00   3.5100000e+03   2.6500000e+02
  -8.7500000e+00   3.4950000e+03   2.6700000e+02
  -8.5000000e+00   3.4950000e+03   2.6700000e+02
  -8.2500000e+00   3.4860000e+03   2.6800000e+02
  -8.0000000e+00   3.4820000e+03   2.6800000e+02
  -7.7500000e+00   3.4830000e+03   2.6700000e+02
  -7.5000000e+00   3.4920000e+03   2.6700000e+02
  -7.2500000e+00   3.4840000e+03   2.6700000e+02
  -7.0000000e+00   3.4850000e+03   2.6800000e+02
  -6.7500000e+00   3.4690000e+03   2.6900000e+02
  -6.5000000e+00   3.4790000e+03   2.6800000e+02
  -6.2500000e+00   3.4750000e+03   2.6500000e+02
  -6.0000000e+00   3.4870000e+03   2.6800000e+02
  -5.7500000e+00   3.4710000e+03   2.6900000e+02
  -5.5000000e+00   3.4730000e+03   2.6700000e+02
  -5.2500000e+00   3.4800000e+03   2.6500000e+02
  -5.0000000e+00   3.4710000e+03   2.6800000e+02
  -4.7500000e+00   3.4750000e+03   2.6800000e+02
  -4.5000000e+00   3.4690000e+03   2.6500000e+02
  -4.2500000e+00   3.4830000e+03   2.6500000e+02
  -4.0000000e+00   3.4780000e+03   2.6700000e+02
  -3.7500000e+00   3.4720000e+03   2.6700000e+02
  -3.5000000e+00   3.4730000e+03   2.6500000e+02
  -3.2500000e+00   3.4690000e+03   2.6700000e+02
  -3.0000000e+00   3.4570000e+03   2.6700000e+02
  -2.7500000e+00   3.4620000e+03   2.6600000e+02
  -2.5000000e+00   3.4580000e+03   2.6800000e+02
  -2.2500000e+00   3.4460000e+03   2.6900000e+02
  -2.0000000e+00   3.4750000e+03   2.6600000e+02
  -1.7500000e+00   3.4640000e+03   2.6900000e+02
  -1.5000000e+00   3.4540000e+03   2.6800000e+02
  -1.2500000e+00   3.4590000e+03   2.6700000e+02
  -1.0000000e+00   3.4510000e+03   2.7200000e+02
  -7.5000000e-01   3.4420000e+03   2.7000000e+02
  -5.0000000e-01   3.4600000e+03   2.6700000e+02
  -2.5000000e-01   3.4660000e+03   2.6600000e+02
   0.0000000e+00   3.4670000e+03   2.6700000e+02
   2.5000000e-01   3.4620000e+03   2.6800000e+02
   5.0000000e-01   3.4640000e+03   2.6700000e+02
   7.5000000e-01   3.4610000e+03   2.6900000e+02
   1.0000000e+00   3.4570000e+03   2.6800000e+02
   1.2500000e+00   3.4580000e+03   2.6700000e+02
   1.5000000e+00   3.4470000e+03   2.6900000e+02
   1.7500000e+00   3.4600000e+03   2.6700000e+02
   2.0000000e+00   3.4590000e+03   2.6700000e+02
   2.2500000e+00   3.4630000e+03   2.6700000e+02
   2.5000000e+00   3.4520000e+03   2.6800000e+02
   2.7500000e+00   3.4600000e+03   2.6600000e+02
   3.0000000e+00   3.4460000e+03   2.6900000e+02
   3.2500000e+00   3.4550000e+03   2.6800000e+02
   3.5000000e+00   3.4590000e+03   2.6700000e+02
   3.7500000e+00   3.4600000e+03   2.6600000e+02
   4.0000000e+00   3.4480000e+03   2.6800000e+02
   4.2500000e+00   3.4500000e+03   2.6600000e+02
   4.5000000e+00   3.4490000e+03   2.6700000e+02
   4.7500000e+00   3.4550000e+03   2.6600000e+02
   5.0000000e+00   3.4540000e+03   2.6600000e+02
   5.2500000e+00   3.4530000e+03   2.6800000e+02
   5.5000000e+00   3.4510000e+03   2.6600000e+02
   5.7500000e+00   3.4680000e+03   2.6300000e+02
   6.0000000e+00   3.4620000e+03   2.5500000e+02
   6.2500000e+00   3.5470000e+03   2.6400000e+02
   6.5000000e+00   3.5440000e+03   2.6400000e+02
   6.7500000e+00   3.5510000e+03   2.6400000e+02
   7.0000000e+00   3.5590000e+03   2.4700000e+02
   7.2500000e+00   1.3386000e+04   3.2000000e+01
   7.5000000e+00   1.3159000e+04   4.1000000e+01
   7.7500000e+00   1.2931000e+04   6.5000000e+01
   8.0000000e+00   1.2769000e+04   5.7000000e+01
   8.2500000e+00   1.2574000e+04   5.6000000e+01
   8.5000000e+00   1.2409000e+04   6.5000000e+01
   8.7500000e+00   1.2204000e+04   7.2000000e+01
   9.0000000e+00   1.2055000e+04   7.1000000e+01
   9.2500000e+00   1.1881000e+04   7.3000000e+01
   9.5000000e+00   1.1745000e+04   7.8000000e+01
   9.7500000e+00   1.1555000e+04   7.6000000e+01
   1.0000000e+01   1.1413000e+04   8.1000000e+01
   1.0250000e+01   1.1248000e+04   8.0000000e+01
   1.0500000e+01   7.5110000e+03   1.9300000e+02
   1.0750000e+01   7.2080000e+03   2.3600000e+02
   1.1000000e+01   7.0600000e+03   2.2200000e+02
   1.1250000e+01   7.0730000e+03   2.2000000e+02
   1.1500000e+01   7.0570000e+03   2.2100000e+02
   1.1750000e+01   7.0920000e+03   2.1900000e+02
   1.2000000e+01   7.1920000e+03   1.6100000e+02
   1.2250000e+01   7.2600000e+03   1.9900000e+02
   1.2500000e+01   7.1500000e+03   1.9600000e+02
   1.2750000e+01   7.1490000e+03   1.9800000e+02
   1.3000000e+01   7.1790000e+03   1.5300000e+02
   1.3250000e+01   7.1240000e+03   1.5400000e+02
   1.3500000e+01   7.1590000e+03   6.6000000e+01
   1.3750000e+01   7.1810000e+03   7.9000000e+01
   1.4000000e+01   7.1660000e+03   7.0000000e+01
   1.4250000e+01   7.2010000e+03   6.0000000e+01
   1.4500000e+01   7.1780000e+03   4.1000000e+01
   1.4750000e+01   7.1640000e+03   3.2000000e+01
   1.5000000e+01   7.2080000e+03   3.2000000e+01
   1.5250000e+01   9.0000000e+03   1.6600000e+02
   1.5500000e+01   8.8710000e+03   1.4500000e+02
   1.5750000e+01   8.7740000e+03   1.6000000e+02
   1.6000000e+01   8.7090000e+03   1.4400000e+02
   1.6250000e+01   0.0000000e+00   6.0000000e+00
   1.6500000e+01   1.3680000e+03   1.3000000e+02
   1.6750000e+01   1.3710000e+03   1.9000000e+02
   1.7000000e+01   1.3600000e+03   2.3400000e+02
   1.7250000e+01   1.3610000e+03   2.6000000e+02
   1.7500000e+01   1.3730000e+03   4.2600000e+02
   1.7750000e+01   1.3610000e+03   9.3200000e+02
   1.8000000e+01   1.3610000e+03   1.2590000e+03
   1.8250000e+01   1.3550000e+03   1.8180000e+03
   1.8500000e+01   1.3630000e+03   2.0180000e+03
   1.8750000e+01   1.3610000e+03   2.0170000e+03
   1.9000000e+01   1.3710000e+03   1.8060000e+03
   1.9250000e+01   1.3740000e+03   1.2570000e+03
   1.9500000e+01   1.3620000e+03   9.4100000e+02
   1.9750000e+01   1.3690000e+03   6.3500000e+02
   2.0000000e+01   1.3660000e+03   2.5900000e+02
   2.0250000e+01   1.3670000e+03   2.2800000e+02
   2.0500000e+01   1.3720000e+03   1.7400000e+02
   2.0750000e+01   0.0000000e+00   6.0000000e+00
   2.1000000e+01   0.0000000e+00   6.0000000e+00
   2.1250000e+01   4.5040000e+03   2.5200000e+02
   2.1500000e+01   4.5190000e+03   2.5000000e+02
   2.1750000e+01   4.5290000e+03   2.5000000e+02
   2.2000000e+01   4.5340000e+03   2.5300000e+02
   2.2250000e+01   4.5590000e+03   2.5000000e+02
   2.2500000e+01   4.5520000e+03   2.5100000e+02
   2.2750000e+01   4.5590000e+03   2.5200000e+02
   2.3000000e+01   4.5730000e+03   2.4900000e+02
   2.3250000e+01   4.5900000e+03   2.5100000e+02
   2.3500000e+01   4.5800000e+03   2.5100000e+02
   2.3750000e+01   4.5980000e+03   2.4200000e+02
   2.4000000e+01   4.6210000e+03   2.4900000e+02
   2.4250000e+01   4.6040000e+03   2.5100000e+02
   2.4500000e+01   4.6240000e+03   2.4400000e+02
   2.4750000e+01   4.6440000e+03   2.4400000e+02
   2.5000000e+01   4.6650000e+03   2.3800000e+02
   2.5250000e+01   4.6700000e+03   2.4600000e+02
   2.5500000e+01   4.6910000e+03   2.4600000e+02
   2.5750000e+01   4.7040000e+03   2.4300000e+02
   2.6000000e+01   4.7040000e+03   2.4300000e+02
   2.6250000e+01   4.7320000e+03   2.4200000e+02
   2.6500000e+01   4.7330000e+03   2.4500000e+02
   2.6750000e+01   4.7500000e+03   2.4700000e+02
   2.7000000e+01   4.7600000e+03   2.4300000e+02
   2.7250000e+01   4.7730000e+03   2.4200000e+02
   2.7500000e+01   4.7980000e+03   2.4000000e+02
   2.7750000e+01   4.8080000e+03   2.3900000e+02
   2.8000000e+01   4.8260000e+03   2.3800000e+02
   2.8250000e+01   4.8560000e+03   2.3600000e+02
   2.8500000e+01   4.8560000e+03   2.3800000e+02
   2.8750000e+01   4.8890000e+03   2.3900000e+02
   2.9000000e+01   4.9130000e+03   2.3800000e+02
   2.9250000e+01   4.9130000e+03   2.3800000e+02
   2.9500000e+01   4.9310000e+03   2.3900000e+02
   2.9750000e+01   4.9390000e+03   2.3900000e+02
   3.0000000e+01   4.9750000e+03   2.3500000e+02
   3.0250000e+01   4.9760000e+03   2.3400000e+02
   3.0500000e+01   4.9870000e+03   2.3500000e+02
   3.0750000e+01   5.0260000e+03   2.3100000e+02
   3.1000000e+01   5.0480000e+03   2.3300000e+02
   3.1250000e+01   5.0740000e+03   2.3200000e+02
   3.1500000e+01   5.0970000e+03   2.3700000e+02
   3.1750000e+01   5.1080000e+03   2.4000000e+02
   3.2000000e+01   5.1270000e+03   2.4600000e+02
   3.2250000e+01   5.1230000e+03   2.4800000e+02
   3.2500000e+01   5.1330000e+03   2.4700000e+02
   3.2750000e+01   5.1580000e+03   2.4400000e+02
   3.3000000e+01   5.1600000e+03   2.3800000e+02
   3.3250000e+01   5.1840000e+03   2.3800000e+02
   3.3500000e+01   5.1810000e+03   2.3900000e+02
   3.3750000e+01   5.2000000e+03   2.4200000e+02
   3.4000000e+01   5.2110000e+03   2.3900000e+02
   3.4250000e+01   5.2380000e+03   2.3600000e+02
   3.4500000e+01   5.2630000e+03   2.3200000e+02
   3.4750000e+01   5.2550000e+03   2.3500000e+02
   3.5000000e+01   5.2220000e+03   2.3300000e+02
   3.5250000e+01   5.1940000e+03   2.3000000e+02
   3.5500000e+01   5.1880000e+03   2.2800000e+02
   3.5750000e+01   5.1460000e+03   2.3100000e+02
   3.6000000e+01   5.1190000e+03   2.3200000e+02
   3.6250000e+01   5.1180000e+03   2.3000000e+02
   3.6500000e+01   5.0990000e+03   2.3100000e+02
   3.6750000e+01   5.0650000e+03   2.3200000e+02
   3.7000000e+01   5.0380000e+03   2.3000000e+02
   3.7250000e+01   5.0180000e+03   2.3200000e+02
   3.7500000e+01   4.9880000e+03   2.3400000e+02
   3.7750000e+01   4.9740000e+03   2.3400000e+02
   3.8000000e+01   4.9690000e+03   2.3100000e+02
   3.8250000e+01   4.9510000e+03   2.3300000e+02
   3.8500000e+01   4.9070000e+03   2.3400000e+02
   3.8750000e+01   4.9040000e+03   2.3500000e+02
   3.9000000e+01   4.8690000e+03   2.3700000e+02
   3.9250000e+01   4.8460000e+03   2.3400000e+02
   3.9500000e+01   4.8410000e+03   2.3400000e+02
   3.9750000e+01   4.8020000e+03   2.3900000e+02
   4.0000000e+01   4.8010000e+03   2.3700000e+02
   4.0250000e+01   4.7940000e+03   2.3400000e+02
   4.0500000e+01   4.7690000e+03   2.3600000e+02
   4.0750000e+01   4.7400000e+03   2.3800000e+02
   4.1000000e+01   4.7270000e+03   2.3800000e+02
   4.1250000e+01   4.7060000e+03   2.3800000e+02
   4.1500000e+01   4.6860000e+03   2.3700000e+02
   4.1750000e+01   4.6690000e+03   2.4300000e+02
   4.2000000e+01   4.6540000e+03   2.4000000e+02
   4.2250000e+01   4.6350000e+03   2.3900000e+02
   4.2500000e+01   4.6190000e+03   2.4000000e+02
   4.2750000e+01   4.6050000e+03   2.4000000e+02
   4.3000000e+01   4.5760000e+03   2.4200000e+02
   4.3250000e+01   4.5720000e+03   2.4200000e+02
   4.3500000e+01   4.5750000e+03   2.4000000e+02
   4.3750000e+01   4.5340000e+03   2.4400000e+02
   4.4000000e+01   4.5320000e+03   2.4300000e+02
   4.4250000e+01   4.5050000e+03   2.4300000e+02
   4.4500000e+01   4.5020000e+03   2.4200000e+02
   4.4750000e+01   4.4740000e+03   2.4500000e+02
   4.5000000e+01   4.4590000e+03   2.4200000e+02
   4.5250000e+01   4.4590000e+03   2.4400000e+02
   4.5500000e+01   4.4370000e+03   2.4600000e+02
   4.5750000e+01   4.4350000e+03   2.4500000e+02
   4.6000000e+01   4.4000000e+03   2.4600000e+02
   4.6250000e+01   4.3990000e+03   2.4500000e+02
   4.6500000e+01   4.3850000e+03   2.4700000e+02
   4.6750000e+01   4.3710000e+03   2.4800000e+02
   4.7000000e+01   4.3450000e+03   2.4800000e+02
   4.7250000e+01   4.3480000e+03   2.4600000e+02
   4.7500000e+01   4.3170000e+03   2.5000000e+02
   4.7750000e+01   4.3040000e+03   2.4900000e+02
   4.8000000e+01   4.3060000e+03   2.4900000e+02
   4.8250000e+01   4.2960000e+03   2.4600000e+02
   4.8500000e+01   4.2630000e+03   2.4900000e+02
   4.8750000e+01   4.2610000e+03   2.4700000e+02
   4.9000000e+01   4.2520000e+03   2.5000000e+02
   4.9250000e+01   4.2520000e+03   2.4800000e+02
   4.9500000e+01   4.2330000e+03   2.5000000e+02
   4.9750000e+01   4.2150000e+03   2.5200000e+02
   5.0000000e+01   4.2220000e+03   2.4900000e+02
   5.0250000e+01   4.1930000e+03   2.5000000e+02
   5.0500000e+01   4.1880000e+03   2.5100000e+02
   5.0750000e+01   4.1650000e+03   2.5100000e+02
   5.1000000e+01   4.1600000e+03   2.5100000e+02
   5.1250000e+01   4.1550000e+03   2.5100000e+02
   5.1500000e+01   4.1320000e+03   2.5400000e+02
   5.1750000e+01   4.1400000e+03   2.5100000e+02
   5.2000000e+01   4.1260000e+03   2.5300000e+02
   5.2250000e+01   4.1000000e+03   2.5500000e+02
   5.2500000e+01   4.0920000e+03   2.5400000e+02
   5.2750000e+01   4.0960000e+03   2.5300000e+02
   5.3000000e+01   4.0760000e+03   2.5300000e+02
   5.3250000e+01   4.0840000e+03   2.5200000e+02
   5.3500000e+01   4.0650000e+03   2.5300000e+02
   5.3750000e+01   4.0670000e+03   2.5200000e+02
   5.4000000e+01   4.0310000e+03   2.5600000e+02
   5.4250000e+01   4.0460000e+03   2.5400000e+02
   5.4500000e+01   4.0180000e+03   2.5600000e+02
   5.4750000e+01   4.0210000e+03   2.6100000e+02
   5.5000000e+01   4.0140000e+03   2.5400000e+02
   5.5250000e+01   3.9970000e+03   2.5500000e+02
   5.5500000e+01   3.9790000e+03   2.5600000e+02
   5.5750000e+01   3.9830000e+03   2.5700000e+02
   5.6000000e+01   3.9710000e+03   2.5700000e+02
   5.6250000e+01   3.9570000e+03   2.5800000e+02
   5.6500000e+01   3.9400000e+03   2.5900000e+02
   5.6750000e+01   3.9400000e+03   2.5700000e+02
   5.7000000e+01   3.9530000e+03   2.5500000e+02
   5.7250000e+01   3.9310000e+03   2.5800000e+02
   5.7500000e+01   3.9310000e+03   2.5300000e+02
   5.7750000e+01   3.9320000e+03   2.5000000e+02
   5.8000000e+01   0.0000000e+00   6.0000000e+00
   5.8250000e+01   0.0000000e+00   6.0000000e+00
   5.8500000e+01   6.0800000e+02   1.5700000e+02
   5.8750000e+01   6.5200000e+02   2.2500000e+02
   5.9000000e+01   6.5000000e+02   2.3600000e+02
   5.9250000e+01   6.2400000e+02   2.6900000e+02
   5.9500000e+01   6.4800000e+02   3.6800000e+02
   5.9750000e+01   6.4700000e+02   5.6800000e+02
   6.0000000e+01   6.5100000e+02   2.8700000e+02
   6.0250000e+01   6.5300000e+02   2.5300000e+02
   6.0500000e+01   6.4900000e+02   2.2900000e+02
   6.0750000e+01   6.5800000e+02   2.0100000e+02
   6.1000000e+01   6.2700000e+02   1.2700000e+02
   6.1250000e+01   0.0000000e+00   6.0000000e+00
   6.1500000e+01   3.8220000e+03   2.4900000e+02
   6.1750000e+01   3.7970000e+03   2.5600000e+02
   6.2000000e+01   3.8030000e+03   2.6000000e+02
   6.2250000e+01   3.7880000e+03   2.5900000e+02
   6.2500000e+01   3.7810000e+03   2.6200000e+02
   6.2750000e+01   3.7720000e+03   2.6100000e+02
   6.3000000e+01   3.7800000e+03   2.5900000e+02
   6.3250000e+01   3.7780000e+03   2.6100000e+02
   6.3500000e+01   3.7650000e+03   2.6200000e+02
   6.3750000e+01   3.7570000e+03   2.6300000e+02
   6.4000000e+01   3.7520000e+03   2.6300000e+02
   6.4250000e+01   3.7530000e+03   2.6400000e+02
   6.4500000e+01   3.7480000e+03   2.6300000e+02
   6.4750000e+01   3.7460000e+03   2.6300000e+02
   6.5000000e+01   3.7370000e+03   2.6100000e+02
   6.5250000e+01   3.7320000e+03   2.6200000e+02
   6.5500000e+01   3.7270000e+03   2.6300000e+02
   6.5750000e+01   3.7280000e+03   2.6300000e+02
   6.6000000e+01   3.7280000e+03   2.6300000e+02
   6.6250000e+01   3.7100000e+03   2.6600000e+02
   6.6500000e+01   3.7120000e+03   2.6200000e+02
   6.6750000e+01   3.7110000e+03   2.6300000e+02
   6.7000000e+01   3.6960000e+03   2.6400000e+02
   6.7250000e+01   3.6950000e+03   2.6300000e+02
   6.7500000e+01   3.6950000e+03   2.6200000e+02
   6.7750000e+01   3.6950000e+03   2.6500000e+02
   6.8000000e+01   3.6800000e+03   2.6500000e+02
   6.8250000e+01   3.6930000e+03   2.6200000e+02
   6.8500000e+01   3.6780000e+03   2.6400000e+02
   6.8750000e+01   3.6620000e+03   2.6500000e+02
   6.9000000e+01   3.6700000e+03   2.6600000e+02
   6.9250000e+01   3.6570000e+03   2.6400000e+02
   6.9500000e+01   3.6630000e+03   2.6400000e+02
   6.9750000e+01   3.6600000e+03   2.6500000e+02
   7.0000000e+01   3.6430000e+03   2.6600000e+02
   7.0250000e+01   3.6550000e+03   2.6500000e+02
   7.0500000e+01   3.6530000e+03   2.6700000e+02
   7.0750000e+01   3.6480000e+03   2.6500000e+02
   7.1000000e+01   3.6510000e+03   2.6500000e+02
   7.1250000e+01   3.6400000e+03   2.6700000e+02
   7.1500000e+01   3.6390000e+03   2.6400000e+02
   7.1750000e+01   3.6310000e+03   2.6600000e+02
   7.2000000e+01   3.6390000e+03   2.6500000e+02
   7.2250000e+01   3.6180000e+03   2.6700000e+02
   7.2500000e+01   3.6220000e+03   2.6500000e+02
   7.2750000e+01   3.6150000e+03   2.6500000e+02
   7.3000000e+01   3.6270000e+03   2.6500000e+02
   7.3250000e+01   3.6120000e+03   2.6800000e+02
   7.3500000e+01   3.6150000e+03   2.6700000e+02
   7.3750000e+01   3.6240000e+03   2.6700000e+02
   7.4000000e+01   3.5880000e+03   2.7000000e+02
   7.4250000e+01   3.6060000e+03   2.6700000e+02
   7.4500000e+01   3.6080000e+03   2.6700000e+02
   7.4750000e+01   3.6040000e+03   2.7300000e+02
   7.5000000e+01   3.6010000e+03   2.7000000e+02
   7.5250000e+01   3.5950000e+03   2.6900000e+02
   7.5500000e+01   3.6110000e+03   2.6700000e+02
   7.5750000e+01   3.6040000e+03   2.6900000e+02
   7.6000000e+01   3.5950000e+03   2.7000000e+02
   7.6250000e+01   3.5880000e+03   2.7200000e+02
   7.6500000e+01   3.5920000e+03   2.7400000e+02
   7.6750000e+01   3.6060000e+03   2.7300000e+02
   7.7000000e+01   3.5890000e+03   2.7300000e+02
   7.7250000e+01   3.5960000e+03   2.7500000e+02
   7.7500000e+01   3.5800000e+03   2.7600000e+02
   7.7750000e+01   3.5770000e+03   2.7800000e+02
   7.8000000e+01   3.6030000e+03   2.7700000e+02
   7.8250000e+01   3.5890000e+03   2.8000000e+02
   7.8500000e+01   3.5800000e+03   2.8500000e+02
   7.8750000e+01   3.5780000e+03   2.8500000e+02
   7.9000000e+01   3.5860000e+03   2.8700000e+02
   7.9250000e+01   3.5790000e+03   2.8800000e+02
   7.9500000e+01   3.5880000e+03   2.9200000e+02
   7.9750000e+01   3.5810000e+03   2.9600000e+02
   8.0000000e+01   3.5910000e+03   3.0300000e+02
   8.0250000e+01   3.5910000e+03   3.1800000e+02
   8.0500000e+01   3.5750000e+03   3.2900000e+02
   8.0750000e+01   3.5770000e+03   3.3200000e+02
   8.1000000e+01   3.5890000e+03   3.4500000e+02
   8.1250000e+01   3.5860000e+03   3.5600000e+02
   8.1500000e+01   3.5840000e+03   3.6400000e+02
   8.1750000e+01   3.5990000e+03   3.6800000e+02
   8.2000000e+01   3.5750000e+03   3.7000000e+02
   8.2250000e+01   3.5840000e+03   3.7100000e+02
   8.2500000e+01   3.5880000e+03   3.6000000e+02
   8.2750000e+01   3.5840000e+03   3.4800000e+02
   8.3000000e+01   3.5730000e+03   3.3700000e+02
   8.3250000e+01   3.5790000e+03   3.2000000e+02
   8.3500000e+01   3.5820000e+03   3.1100000e+02
   8.3750000e+01   3.5950000e+03   3.0400000e+02
   8.4000000e+01   3.5790000e+03   2.9600000e+02
   8.4250000e+01   3.5880000e+03   2.9100000e+02
   8.4500000e+01   3.5820000e+03   2.8600000e+02
   8.4750000e+01   3.5870000e+03   2.8600000e+02
   8.5000000e+01   3.5810000e+03   2.8200000e+02
   8.5250000e+01   3.5820000e+03   2.8000000e+02
   8.5500000e+01   3.5960000e+03   2.7500000e+02
   8.5750000e+01   3.5970000e+03   2.7500000e+02
   8.6000000e+01   3.5830000e+03   2.7500000e+02
   8.6250000e+01   3.5950000e+03   2.7400000e+02
   8.6500000e+01   3.5880000e+03   2.7400000e+02
   8.6750000e+01   3.5860000e+03   2.7100000e+02
   8.7000000e+01   3.5990000e+03   2.7100000e+02
   8.7250000e+01   3.6060000e+03   2.6800000e+02
   8.7500000e+01   3.5950000e+03   2.7000000e+02
   8.7750000e+01   3.5870000e+03   2.6900000e+02
   8.8000000e+01   3.6140000e+03   2.6800000e+02
   8.8250000e+01   3.5920000e+03   2.6800000e+02
   8.8500000e+01   3.5970000e+03   2.6700000e+02
   8.8750000e+01   3.6080000e+03   2.6600000e+02
   8.9000000e+01   3.6080000e+03   2.6700000e+02
   8.9250000e+01   3.6030000e+03   2.6700000e+02
   8.9500000e+01   3.6230000e+03   2.6500000e+02
   8.9750000e+01   3.6050000e+03   2.6600000e+02
   9.0000000e+01   3.6050000e+03   2.6800000e+02
   9.0250000e+01   3.6140000e+03   2.6800000e+02
   9.0500000e+01   3.6200000e+03   2.6600000e+02
   9.0750000e+01   3.6350000e+03   2.6500000e+02
   9.1000000e+01   3.6360000e+03   2.6600000e+02
   9.1250000e+01   3.6260000e+03   2.6700000e+02
   9.1500000e+01   3.6280000e+03   2.6600000e+02
   9.1750000e+01   3.6410000e+03   2.6400000e+02
   9.2000000e+01   3.6370000e+03   2.6500000e+02
   9.2250000e+01   3.6350000e+03   2.6500000e+02
   9.2500000e+01   3.6280000e+03   2.6700000e+02
   9.2750000e+01   3.6480000e+03   2.6400000e+02
   9.3000000e+01   3.6410000e+03   2.6400000e+02
   9.3250000e+01   3.6440000e+03   2.6500000e+02
   9.3500000e+01   3.6540000e+03   2.6300000e+02
   9.3750000e+01   3.6610000e+03   2.6400000e+02
   9.4000000e+01   3.6580000e+03   2.6500000e+02
   9.4250000e+01   3.6730000e+03   2.6300000e+02
   9.4500000e+01   3.6650000e+03   2.6300000e+02
   9.4750000e+01   3.6740000e+03   2.6200000e+02
   9.5000000e+01   3.6820000e+03   2.6300000e+02
   9.5250000e+01   3.6820000e+03   2.6300000e+02
   9.5500000e+01   3.6910000e+03   2.6100000e+02
   9.5750000e+01   3.6850000e+03   2.6300000e+02
   9.6000000e+01   3.6900000e+03   2.6100000e+02
   9.6250000e+01   3.7030000e+03   2.6200000e+02
   9.6500000e+01   3.7110000e+03   2.6300000e+02
   9.6750000e+01   3.6980000e+03   2.6300000e+02
   9.7000000e+01   3.7070000e+03   2.6500000e+02
   9.7250000e+01   3.7210000e+03   2.6400000e+02
   9.7500000e+01   3.7180000e+03   2.6200000e+02
   9.7750000e+01   3.7150000e+03   2.6400000e+02
   9.8000000e+01   3.7220000e+03   2.6200000e+02
   9.8250000e+01   3.7340000e+03   2.6000000e+02
   9.8500000e+01   3.7420000e+03   2.6000000e+02
   9.8750000e+01   3.7410000e+03   2.5600000e+02
   9.9000000e+01   3.7590000e+03   2.4900000e+02
   9.9250000e+01   0.0000000e+00   6.0000000e+00
   9.9500000e+01   6.0700000e+02   1.3200000e+02
   9.9750000e+01   6.2500000e+02   2.1200000e+02
   1.0000000e+02   6.3600000e+02   2.3600000e+02
   1.0025000e+02   6.5900000e+02   2.5100000e+02
   1.0050000e+02   6.3600000e+02   2.8200000e+02
   1.0075000e+02   6.3400000e+02   6.7300000e+02
   1.0100000e+02   6.6100000e+02   5.4900000e+02
   1.0125000e+02   6.4700000e+02   2.7000000e+02
   1.0150000e+02   6.5200000e+02   2.4100000e+02
   1.0175000e+02   6.4100000e+02   2.3100000e+02
   1.0200000e+02   6.7600000e+02   1.8400000e+02
   1.0225000e+02   0.0000000e+00   6.0000000e+00
   1.0250000e+02   0.0000000e+00   6.0000000e+00
   1.0275000e+02   3.8310000e+03   2.5300000e+02
   1.0300000e+02   3.8510000e+03   2.5400000e+02
   1.0325000e+02   3.8480000e+03   2.6000000e+02
   1.0350000e+02   3.8460000e+03   2.6000000e+02
   1.0375000e+02   3.8670000e+03   2.5700000e+02
   1.0400000e+02   3.8740000e+03   2.5800000e+02
   1.0425000e+02   3.8800000e+03   2.5800000e+02
   1.0450000e+02   3.8830000e+03   2.5800000e+02
   1.0475000e+02   3.8990000e+03   2.5600000e+02
   1.0500000e+02   3.8850000e+03   2.5800000e+02
   1.0525000e+02   3.9000000e+03   2.6100000e+02
   1.0550000e+02   3.9050000e+03   2.5800000e+02
   1.0575000e+02   3.9200000e+03   2.5700000e+02
   1.0600000e+02   3.9280000e+03   2.5500000e+02
   1.0625000e+02   3.9260000e+03   2.5800000e+02
   1.0650000e+02   3.9420000e+03   2.5600000e+02
   1.0675000e+02   3.9400000e+03   2.5600000e+02
   1.0700000e+02   3.9480000e+03   2.5600000e+02
   1.0725000e+02   3.9570000e+03   2.5600000e+02
   1.0750000e+02   3.9760000e+03   2.5700000e+02
   1.0775000e+02   3.9860000e+03   2.5500000e+02
   1.0800000e+02   3.9830000e+03   2.5500000e+02
   1.0825000e+02   3.9930000e+03   2.5500000e+02
   1.0850000e+02   4.0220000e+03   2.5300000e+02
   1.0875000e+02   4.0150000e+03   2.5600000e+02
   1.0900000e+02   4.0260000e+03   2.5600000e+02
   1.0925000e+02   4.0420000e+03   2.5100000e+02
   1.0950000e+02   4.0490000e+03   2.5400000e+02
   1.0975000e+02   4.0690000e+03   2.5500000e+02
   1.1000000e+02   4.0480000e+03   2.5300000e+02
   1.1025000e+02   4.0790000e+03   2.5400000e+02
   1.1050000e+02   4.0670000e+03   2.5400000e+02
   1.1075000e+02   4.0860000e+03   2.5300000e+02
   1.1100000e+02   4.0920000e+03   2.5400000e+02
   1.1125000e+02   4.1060000e+03   2.5200000e+02
   1.1150000e+02   4.1170000e+03   2.5200000e+02
   1.1175000e+02   4.1270000e+03   2.5300000e+02
   1.1200000e+02   4.1340000e+03   2.5300000e+02
   1.1225000e+02   4.1500000e+03   2.5100000e+02
   1.1250000e+02   4.1700000e+03   2.5200000e+02
   1.1275000e+02   4.1650000e+03   2.5200000e+02
   1.1300000e+02   4.1950000e+03   2.5200000e+02
   1.1325000e+02   4.1990000e+03   2.5100000e+02
   1.1350000e+02   4.2160000e+03   2.5100000e+02
   1.1375000e+02   4.2290000e+03   2.4900000e+02
   1.1400000e+02   4.2210000e+03   2.5300000e+02
   1.1425000e+02   4.2400000e+03   2.5200000e+02
   1.1450000e+02   4.2490000e+03   2.4900000e+02
   1.1475000e+02   4.2690000e+03   2.4700000e+02
   1.1500000e+02   4.2760000e+03   2.5100000e+02
   1.1525000e+02   4.2920000e+03   2.5000000e+02
   1.1550000e+02   4.3050000e+03   2.4800000e+02
   1.1575000e+02   4.3200000e+03   2.4700000e+02
   1.1600000e+02   4.3330000e+03   2.4800000e+02
   1.1625000e+02   4.3410000e+03   2.4800000e+02
   1.1650000e+02   4.3650000e+03   2.4400000e+02
   1.1675000e+02   4.3710000e+03   2.4700000e+02
   1.1700000e+02   4.3670000e+03   2.4800000e+02
   1.1725000e+02   4.3920000e+03   2.5000000e+02
   1.1750000e+02   4.4200000e+03   2.4300000e+02
   1.1775000e+02   4.4370000e+03   2.4300000e+02
   1.1800000e+02   4.4400000e+03   2.4600000e+02
   1.1825000e+02   4.4530000e+03   2.4600000e+02
   1.1850000e+02   4.4750000e+03   2.4200000e+02
   1.1875000e+02   4.4890000e+03   2.4200000e+02
   1.1900000e+02   4.4980000e+03   2.4300000e+02
   1.1925000e+02   4.5000000e+03   2.4200000e+02
   1.1950000e+02   4.5310000e+03   2.4300000e+02
   1.1975000e+02   4.5410000e+03   2.4400000e+02
   1.2000000e+02   4.5700000e+03   2.3900000e+02
   1.2025000e+02   4.5800000e+03   2.4200000e+02
   1.2050000e+02   4.5830000e+03   2.4300000e+02
   1.2075000e+02   4.6140000e+03   2.4100000e+02
   1.2100000e+02   4.6250000e+03   2.4100000e+02
   1.2125000e+02   4.6400000e+03   2.4000000e+02
   1.2150000e+02   4.6640000e+03   2.3800000e+02
   1.2175000e+02   4.6820000e+03   2.3800000e+02
   1.2200000e+02   4.6920000e+03   2.3900000e+02
   1.2225000e+02   4.7100000e+03   2.3800000e+02
   1.2250000e+02   4.7250000e+03   2.3600000e+02
   1.2275000e+02   4.7520000e+03   2.3700000e+02
   1.2300000e+02   4.7670000e+03   2.3800000e+02
   1.2325000e+02   4.7900000e+03   2.3400000e+02
   1.2350000e+02   4.8010000e+03   2.3800000e+02
   1.2375000e+02   4.8290000e+03   2.3600000e+02
   1.2400000e+02   4.8310000e+03   2.3500000e+02
   1.2425000e+02   4.8590000e+03   2.3600000e+02
   1.2450000e+02   4.8830000e+03   2.3600000e+02
   1.2475000e+02   4.8950000e+03   2.3400000e+02
   1.2500000e+02   4.9030000e+03   2.3800000e+02
   1.2525000e+02   4.9490000e+03   2.3300000e+02
   1.2550000e+02   4.9710000e+03   2.3500000e+02
   1.2575000e+02   4.9880000e+03   2.3300000e+02
   1.2600000e+02   5.0160000e+03   2.3200000e+02
   1.2625000e+02   4.9690000e+03   2.0900000e+02
   1.2650000e+02   4.9430000e+03   1.9800000e+02
   1.2675000e+02   5.0230000e+03   2.2700000e+02
   1.2700000e+02   4.9150000e+03   2.4200000e+02
   1.2725000e+02   0.0000000e+00   6.0000000e+00
   1.2750000e+02   1.3000000e+03   1.5700000e+02
   1.2775000e+02   1.3090000e+03   2.1100000e+02
   1.2800000e+02   1.2920000e+03   2.5000000e+02
   1.2825000e+02   1.2830000e+03   2.7700000e+02
   1.2850000e+02   1.3000000e+03   7.0100000e+02
   1.2875000e+02   1.2930000e+03   1.1120000e+03
   1.2900000e+02   1.2860000e+03   1.5950000e+03
   1.2925000e+02   1.2790000e+03   2.0250000e+03
   1.2950000e+02   1.2810000e+03   2.0220000e+03
   1.2975000e+02   1.3000000e+03   1.9100000e+03
   1.3000000e+02   1.2750000e+03   1.2990000e+03
   1.3025000e+02   1.2970000e+03   1.0470000e+03
   1.3050000e+02   1.3110000e+03   8.6500000e+02
   1.3075000e+02   1.2970000e+03   2.9600000e+02
   1.3100000e+02   1.3030000e+03   2.3800000e+02
   1.3125000e+02   1.2990000e+03   1.9900000e+02
   1.3150000e+02   1.3170000e+03   1.3900000e+02
   1.3175000e+02   0.0000000e+00   6.0000000e+00
   1.3200000e+02   4.7450000e+03   2.3000000e+02
   1.3225000e+02   4.7500000e+03   2.2500000e+02
   1.3250000e+02   4.7970000e+03   2.2800000e+02
   1.3275000e+02   4.8400000e+03   2.3000000e+02
   1.3300000e+02   4.8560000e+03   2.3200000e+02
   1.3325000e+02   4.9180000e+03   2.4100000e+02
   1.3350000e+02   5.0050000e+03   2.4300000e+02
   1.3375000e+02   5.1330000e+03   2.4200000e+02
   1.3400000e+02   5.0980000e+03   2.3900000e+02
   1.3425000e+02   5.0880000e+03   2.3700000e+02
   1.3450000e+02   5.0610000e+03   2.3700000e+02
   1.3475000e+02   5.0550000e+03   2.3600000e+02
   1.3500000e+02   5.0680000e+03   2.2600000e+02
   1.3525000e+02   5.0870000e+03   2.2500000e+02
   1.3550000e+02   5.1030000e+03   2.2400000e+02
   1.3575000e+02   5.1300000e+03   2.2100000e+02
   1.3600000e+02   5.1550000e+03   2.2400000e+02
   1.3625000e+02   5.1790000e+03   2.2000000e+02
   1.3650000e+02   5.2030000e+03   2.2200000e+02
   1.3675000e+02   5.2410000e+03   2.2000000e+02
   1.3700000e+02   5.2620000e+03   2.2100000e+02
   1.3725000e+02   5.3090000e+03   2.2100000e+02
   1.3750000e+02   5.3640000e+03   2.2600000e+02
   1.3775000e+02   5.4550000e+03   2.3000000e+02
   1.3800000e+02   5.6070000e+03   2.1400000e+02
   1.3825000e+02   5.5820000e+03   2.0900000e+02
   1.3850000e+02   5.5610000e+03   1.8800000e+02
   1.3875000e+02   5.5260000e+03   2.0000000e+02
   1.3900000e+02   5.5500000e+03   2.1500000e+02
   1.3925000e+02   5.5330000e+03   2.2800000e+02
   1.3950000e+02   5.5360000e+03   1.9800000e+02
   1.3975000e+02   5.5770000e+03   1.9100000e+02
   1.4000000e+02   5.6380000e+03   1.9500000e+02
   1.4025000e+02   5.6900000e+03   1.8900000e+02
   1.4050000e+02   5.7390000e+03   1.9200000e+02
   1.4075000e+02   5.7960000e+03   1.8200000e+02
   1.4100000e+02   5.8430000e+03   1.7600000e+02
   1.4125000e+02   5.8980000e+03   1.3500000e+02
   1.4150000e+02   7.0880000e+03   3.2000000e+01
   1.4175000e+02   7.1460000e+03   3.2000000e+01
   1.4200000e+02   0.0000000e+00   0.0000000e+00
   1.4225000e+02   0.0000000e+00   0.0000000e+00
   1.4250000e+02   7.2300000e+03   4.7000000e+01
   1.4275000e+02   7.3210000e+03   3.2000000e+01
   1.4300000e+02   7.2200000e+03   1.0300000e+02
   1.4325000e+02   7.1990000e+03   1.5200000e+02
   1.4350000e+02   7.1710000e+03   1.5300000e+02
   1.4375000e+02   7.2060000e+03   6.8000000e+01
   1.4400000e+02   7.6980000e+03   1.7500000e+02
   1.4425000e+02   7.4710000e+03   2.2500000e+02
   1.4450000e+02   7.4740000e+03   1.8100000e+02
   1.4475000e+02   7.4560000e+03   1.8900000e+02
   1.4500000e+02   7.4420000e+03   1.9500000e+02
   1.4525000e+02   7.4410000e+03   1.9800000e+02
   1.4550000e+02   7.4300000e+03   2.0300000e+02
   1.4575000e+02   7.4000000e+03   1.9900000e+02
   1.4600000e+02   7.3680000e+03   1.9400000e+02
   1.4625000e+02   7.3460000e+03   1.9100000e+02
   1.4650000e+02   7.3090000e+03   1.8700000e+02
   1.4675000e+02   7.2940000e+03   1.5200000e+02
   1.4700000e+02   7.2940000e+03   1.9000000e+02
   1.4725000e+02   7.2880000e+03   1.9500000e+02
   1.4750000e+02   7.3280000e+03   1.5700000e+02
   1.4775000e+02   7.3940000e+03   1.5800000e+02
   1.4800000e+02   7.4610000e+03   1.4900000e+02
   1.4825000e+02   7.5390000e+03   1.4400000e+02
   1.4850000e+02   7.6140000e+03   1.3100000e+02
   1.4875000e+02   9.1680000e+03   1.3300000e+02
   1.4900000e+02   9.2980000e+03   1.3100000e+02
   1.4925000e+02   9.3690000e+03   1.4800000e+02
   1.4950000e+02   9.4950000e+03   1.2700000e+02
   1.4975000e+02   9.5820000e+03   1.2500000e+02
   1.5000000e+02   9.6770000e+03   1.2600000e+02
   1.5025000e+02   9.8040000e+03   1.1800000e+02
   1.5050000e+02   9.9110000e+03   1.1600000e+02
   1.5075000e+02   1.0003000e+04   1.1800000e+02
   1.5100000e+02   1.0129000e+04   1.1500000e+02
   1.5125000e+02   1.0267000e+04   1.1200000e+02
   1.5150000e+02   1.0388000e+04   1.0300000e+02
   1.5175000e+02   1.0504000e+04   1.0500000e+02
   1.5200000e+02   1.0649000e+04   1.0000000e+02
   1.5225000e+02   1.0770000e+04   9.8000000e+01
   1.5250000e+02   1.0908000e+04   1.0200000e+02
   1.5275000e+02   1.1046000e+04   9.1000000e+01
   1.5300000e+02   1.1160000e+04   1.0400000e+02
   1.5325000e+02   1.1306000e+04   8.6000000e+01
   1.5350000e+02   1.1476000e+04   8.7000000e+01
   1.5375000e+02   1.1606000e+04   8.2000000e+01
   1.5400000e+02   1.1806000e+04   7.3000000e+01
   1.5425000e+02   1.1944000e+04   7.4000000e+01
   1.5450000e+02   1.2123000e+04   6.4000000e+01
   1.5475000e+02   1.2263000e+04   7.2000000e+01
   1.5500000e+02   1.2465000e+04   6.9000000e+01
   1.5525000e+02   1.2635000e+04   5.3000000e+01
   1.5550000e+02   1.2858000e+04   4.8000000e+01
   1.5575000e+02   1.3050000e+04   5.3000000e+01
   1.5600000e+02   1.3214000e+04   5.2000000e+01
   1.5625000e+02   1.3454000e+04   3.2000000e+01
   1.5650000e+02   1.3658000e+04   4.5000000e+01
   1.5675000e+02   1.3843000e+04   3.2000000e+01
   1.5700000e+02   0.0000000e+00   0.0000000e+00
   1.5725000e+02   1.4396000e+04   8.6000000e+01
   1.5750000e+02   0.0000000e+00   0.0000000e+00
   1.5775000e+02   0.0000000e+00   0.0000000e+00
   1.5800000e+02   1.5106000e+04   3.2000000e+01
   1.5825000e+02   0.0000000e+00   0.0000000e+00
   1.5850000e+02   0.0000000e+00   0.0000000e+00
   1.5875000e+02   0.0000000e+00   0.0000000e+00
   1.5900000e+02   0.0000000e+00   0.0000000e+00
   1.5925000e+02   0.0000000e+00   0.0000000e+00
   1.5950000e+02   0.0000000e+00   0.0000000e+00
   1.5975000e+02   0.0000000e+00   0.0000000e+00
   1.6000000e+02   0.0000000e+00   0.0000000e+00
   1.6025000e+02   0.0000000e+00   0.0000000e+00
   1.6050000e+02   0.0000000e+00   0.0000000e+00
   1.6075000e+02   0.0000000e+00   0.0000000e+00
   1.6100000e+02   0.0000000e+00   0.0000000e+00
   1.6125000e+02   0.0000000e+00   0.0000000e+00
   1.6150000e+02   0.0000000e+00   0.0000000e+00
   1.6175000e+02   0.0000000e+00   0.0000000e+00
   1.6200000e+02   0.0000000e+00   0.0000000e+00
   1.6225000e+02   0.0000000e+00   0.0000000e+00
   1.6250000e+02   0.0000000e+00   0.0000000e+00
   1.6275000e+02   0.0000000e+00   0.0000000e+00
   1.6300000e+02   0.0000000e+00   6.0000000e+00
   1.6325000e+02   1.0700000e+03   1.9800000e+02
   1.6350000e+02   1.0810000e+03   2.4100000e+02
   1.6375000e+02   1.0450000e+03   3.3600000e+02
   1.6400000e+02   1.0470000e+03   6.7900000e+02
   1.6425000e+02   1.0490000e+03   2.4900000e+02
   1.6450000e+02   1.0570000e+03   2.0800000e+02
   1.6475000e+02   0.0000000e+00   6.0000000e+00
   1.6500000e+02   0.0000000e+00   6.0000000e+00
   1.6525000e+02   2.8733000e+04   5.1000000e+01
   1.6550000e+02   0.0000000e+00   6.0000000e+00
   1.6575000e+02   1.5180000e+03   2.2500000e+02
   1.6600000e+02   1.5090000e+03   3.7400000e+02
   1.6625000e+02   1.5160000e+03   3.0200000e+02
   1.6650000e+02   1.5160000e+03   2.1900000e+02
   1.6675000e+02   0.0000000e+00   6.0000000e+00
   1.6700000e+02   8.5910000e+03   9.7000000e+01
   1.6725000e+02   9.1770000e+03   1.5100000e+02
   1.6750000e+02   9.1800000e+03   8.9000000e+01
   1.6775000e+02   2.6590000e+03   2.7400000e+02
   1.6800000e+02   2.3450000e+03   2.7900000e+02
   1.6825000e+02   2.0640000e+03   1.5600000e+02
   1.6850000e+02   2.0700000e+03   1.6400000e+02
   1.6875000e+02   2.0690000e+03   1.6000000e+02
   1.6900000e+02   2.3540000e+03   2.8600000e+02
   1.6925000e+02   2.3760000e+03   3.0300000e+02
   1.6950000e+02   2.1340000e+03   2.6400000e+02
   1.6975000e+02   2.0820000e+03   2.2300000e+02
   1.7000000e+02   2.0660000e+03   2.4300000e+02
   1.7025000e+02   1.9040000e+03   3.1300000e+02
   1.7050000e+02   1.7610000e+03   2.8100000e+02
   1.7075000e+02   1.6510000e+03   2.4700000e+02
   1.7100000e+02   1.1370000e+03   2.8800000e+02
   1.7125000e+02   1.0200000e+03   2.9200000e+02
   1.7150000e+02   8.4000000e+02   3.0600000e+02
   1.7175000e+02   8.3200000e+02   2.9200000e+02
   1.7200000e+02   1.0380000e+03   3.5100000e+02
   1.7225000e+02   1.5920000e+03   2.9100000e+02
   1.7250000e+02   1.6090000e+03   2.9300000e+02
   1.7275000e+02   1.6150000e+03   2.9400000e+02
   1.7300000e+02   1.6160000e+03   2.8600000e+02
   1.7325000e+02   1.6220000e+03   2.7800000e+02
   1.7350000e+02   1.6370000e+03   2.8600000e+02
   1.7375000e+02   1.6420000e+03   2.8500000e+02
   1.7400000e+02   1.6420000e+03   2.8400000e+02
   1.7425000e+02   1.6450000e+03   2.8500000e+02
   1.7450000e+02   1.6620000e+03   2.7900000e+02
   1.7475000e+02   1.6690000e+03   2.7600000e+02
   1.7500000e+02   1.6860000e+03   2.7300000e+02
   1.7525000e+02   1.6990000e+03   2.6900000e+02
   1.7550000e+02   1.7760000e+03   2.7400000e+02
   1.7575000e+02   2.0550000e+03   2.6900000e+02
   1.7600000e+02   2.0630000e+03   2.7200000e+02
   1.7625000e+02   2.0620000e+03   2.7900000e+02
   1.7650000e+02   2.0710000e+03   2.8400000e+02
   1.7675000e+02   2.0110000e+03   2.9200000e+02
   1.7700000e+02   1.7310000e+03   2.7400000e+02
   1.7725000e+02   1.6750000e+03   2.6600000e+02
   1.7750000e+02   1.6590000e+03   2.8700000e+02
   1.7775000e+02   1.6540000e+03   2.9100000e+02
   1.7800000e+02   1.6360000e+03   2.9300000e+02
   1.7825000e+02   1.6350000e+03   2.9600000e+02
   1.7850000e+02   1.6270000e+03   3.0000000e+02
   1.7875000e+02   1.6360000e+03   3.0400000e+02
   1.7900000e+02   1.6220000e+03   3.0400000e+02
   1.7925000e+02   1.6170000e+03   3.0300000e+02
   1.7950000e+02   1.6130000e+03   3.0200000e+02
   1.7975000e+02   1.6240000e+03   3.0300000e+02
